Reject LocLin Ridge NeuralN
0.0112277947220718 0.04569493029096 0.0377008763922967 0.0218850644037031
0.00792941154504661 0.0367254952966703 0.0370145689094598 0.0188864107539212
0.00442313009989448 0.0358498540892369 0.0368036800729292 0.0269960202489883
0.00847786609374452 0.0536986454487646 0.038386515472719 0.0312624638581132
0.0102411225030664 0.0226234748118862 0.0351587462804552 0.0230660660771565
0.0108277658873703 0.0509400671661208 0.0380709378321576 0.0374970404688535
0.0104428899474442 0.0472772172393993 0.0377816134669294 0.0346735903398627
0.00825279508135282 0.0332081854747275 0.0366534557358623 0.0254449427229252
0.0105331233033212 0.0384736669220384 0.0371018201057148 0.0356343497613474
0.0105944142967928 0.0269954780742263 0.0363494894493059 0.0236124868079419
0.00678347976936493 0.0268064122099721 0.0358626208943391 0.0131521091603616
0.00744455983804073 0.0384597751113321 0.0371436454236756 0.027241324072558
0.0097850977384951 0.0330808233494868 0.0366555498739776 0.0262164712669872
0.0118868057383224 0.0373057989088902 0.0369483190900485 0.0311354458414795
0.012026387109654 0.0343461017210294 0.0363891943671224 0.0271065177969908
0.00837845960923005 0.0246505927454174 0.0354482417704853 0.0249110224840238
0.00783373344747815 0.0486280551413216 0.0378484268424013 0.0299575484236119
0.00888811327458825 0.0503795932159039 0.0379957962893096 0.0316430119390067
0.00823194522236008 0.0346653499820611 0.0364446143758057 0.02622992352996
0.0097816668683663 0.0265212949847311 0.0349415229611454 0.0190790927218611
0.0100232677679742 0.0405486438946887 0.0371638467912089 0.0241717135073077
0.0102099547424586 0.0396780605944129 0.0372278867842944 0.0291668140782809
0.0122407532646321 0.0421510057251788 0.037461556498161 0.0313607006676432
0.0116480993048754 0.0387403135846015 0.0370980585672738 0.0245975767033602
0.00937804943823721 0.0305298557895802 0.0364191134538869 0.0133583416151507
0.00615678013709839 0.0375611337269471 0.037128811205386 0.0244282166074833
0.0100481281260727 0.0523066124239865 0.0381579302211937 0.0334973367840221
0.01214089015848 0.0260639469088107 0.0356578928252757 0.0201723418706362
0.00887996421079151 0.0380585037681991 0.0370748541207453 0.0277300155187269
0.00945919634541497 0.0438020386520975 0.0376276484168285 0.0167683069854762
0.00760037380969152 0.0373920411716043 0.0367630835484241 0.0254481850188795
0.0059360983024817 0.0497461065164604 0.0380270694057343 0.0276105161979262
0.0446110149146989 0.0570428178789213 0.0408521928986743 0.0513586516567342
0.0334313484810991 0.0257101551928213 0.035039963254053 0.0219368230385537
0.0489622349239653 0.0325454444843828 0.0359135648112545 0.0310009611701411
0.042497325540171 0.077755452722143 0.0405478445162313 0.072344832996407
0.0345519023481757 0.0281373646044532 0.0347538903367466 0.0278057635304085
0.0181353366206167 0.0357035373759017 0.0367212167198517 0.0287472961207512
0.0397508390480652 0.0333454275386248 0.0366460127214174 0.035976566219299
0.0431457813770976 0.0307404940550181 0.0359371959170923 0.0289810705858926
0.0390832791366847 0.0249804134537382 0.0308918210405531 0.0244492184842004
0.0377809286990669 0.0654672521516477 0.0391485540895331 0.076477086091953
0.026004107616609 0.0537219279994017 0.0384961948244269 0.043292764245091
0.0177607500721933 0.0452507359193572 0.0377327552358298 0.0318141676949913
0.030901170510333 0.0375709988178161 0.0371361110261871 0.0335750636796134
0.0399450317694573 0.0420270189366416 0.0375821932361667 0.0373263915176247
0.0177610170096159 0.044375938948053 0.0376871790565865 0.0367445723132217
0.0183225816115737 0.034849634314892 0.0368310162367921 0.0324698679734383
0.0448326854064362 0.04399064953317 0.0379790300288064 0.0454036204522166
0.0489219853130635 0.0449985761060774 0.0379121634579128 0.0365894294142759
0.0322450043109711 0.0248222941828299 0.0350109240489987 0.0235863876343147
0.0372243032441475 0.0432522877059558 0.0377247508146706 0.0418432945577549
0.0470825356285786 0.0397097738334532 0.0373189168799334 0.0420169069007417
0.0187518765364075 0.0328692766356235 0.0367096630130887 0.030376925614781
0.037050788171473 0.0311327507766062 0.0353579263302484 0.0296034906836951
0.0297780008404516 0.051189165746978 0.0384244519121989 0.041572323210858
0.0338798718672479 0.0554624225105878 0.0400581270434344 0.0444784703062461
0.0382699621957727 0.0312801676058113 0.0364121899493203 0.0306951615053019
0.0171815087407595 0.0220767880167464 0.0357832478088165 0.0208895793980143
0.0278148970508482 0.0441659142231907 0.0377665018042499 0.0380796684636577
0.0433399839850608 0.0238823558286215 0.0325961547162843 0.0212972812482914
0.0441704607947031 0.035414372951276 0.0360461164570919 0.0314690306143262
0.025258923866204 0.0316531260235577 0.0363540422133131 0.0285670924145052
0.0396255285973894 0.0317643366961657 0.0365598081159641 0.0301854424549602
0.0497349886427401 0.0336246576212178 0.0355669757100066 0.034252863775851
0.0358738854469266 0.0440592125945509 0.0377819832569038 0.0444656318765118
0.0417053592245793 0.0429643726425283 0.0377371493736321 0.0412748193217064
0.0367260825936683 0.026732259162923 0.0356395725306456 0.0291917329345441
0.0394938019919209 0.0209837667780889 0.0282172080882826 0.0201124303166491
0.043869539318257 0.035220027235658 0.0353753677350541 0.0283051171161865
0.0376034488814184 0.028895135314423 0.0363495048067335 0.0309868559507289
0.0355082607304212 0.0269615544640623 0.0360329462668834 0.0269779137536346
0.0369567335408647 0.0455452557773202 0.0379809099528386 0.0436318141528202
0.0321568682877114 0.0301483550568806 0.0355392912696914 0.0307623615922691
0.0209528641047655 0.0244650087547157 0.0351513853755523 0.0240845696399995
0.0350248637289042 0.0250417925362009 0.0350207539312515 0.0251403189064737
0.0139788668893743 0.0219054181165598 0.0353080399358411 0.0190381111562269
0.0406316228705691 0.0452524267149625 0.0380317745930275 0.0420572422508583
0.0340068073943257 0.0304503267548047 0.0355703420818239 0.0279062692914456
0.038025926440605 0.0661513471459601 0.0393201862980369 0.0612425640856749
0.046365963385324 0.0546267925755693 0.0389047450038051 0.0511783537574062
0.0489552115497645 0.0465600615853964 0.0380988156357184 0.0449829401748706
0.0349352612742223 0.0295644003641142 0.0307652478814408 0.0301557460910176
0.0166781454638112 0.0435370936579142 0.0375665819201584 0.0284612357361231
0.044905048669898 0.0276262084687696 0.0351839237576312 0.0256161376730543
0.0436182757897768 0.0276617600999937 0.0359353854505888 0.0247195432057016
0.0465864353027428 0.0347812802232463 0.0350806924945845 0.0309595676158503
0.0448852277040714 0.0350834968482257 0.0364184165502358 0.0349270715540543
0.0400369897572091 0.0413238660871554 0.0374963681114225 0.0400616625422612
0.0424496991676278 0.0299314039560582 0.0360209139594897 0.0266531481088427
0.0466515238891589 0.0331570136792101 0.035889836212712 0.0308403664180988
0.0468413030612282 0.0426453851933382 0.0404495414664815 0.0372571053925726
0.018425749821472 0.0236199766191308 0.0300900889904748 0.0291972091831168
0.0168664738390362 0.0547637286659267 0.0387169450856138 0.0371376318437782
0.0257682020717766 0.0468568390983098 0.0379996041125661 0.0404097417581303
0.0314668750565033 0.0309162270257387 0.0360951721573713 0.0236931566164433
0.0150290189427324 0.0487600544511677 0.0379449990322474 0.0389276350512882
0.0357062993280124 0.0317849058510543 0.0358280160452801 0.031533388747844
0.0337340329861036 0.0390671189690446 0.0371619959707092 0.0370037362772808
0.0129276663996279 0.031496383220065 0.0366131741812135 0.0320502270343938
0.0472428059147205 0.025550992045543 0.0353342857046954 0.0244727313578814
0.0150470249180216 0.0639139200677514 0.0393154981716503 0.0407008650685542
0.0455508323735558 0.04353650758312 0.0378662145331191 0.0476285463717924
0.0384921265562298 0.0606097938581884 0.0400582452689826 0.0499625312690079
0.04918886134692 0.0652536019176646 0.0395394543001228 0.0507563057573591
0.018064219984808 0.0386165623044557 0.0370995051676965 0.0342531561219843
0.0448471156618325 0.0254386716528687 0.0348259498376663 0.0261865144971091
0.0217786142136902 0.0173697401585622 0.0334633572135126 0.0195200965795977
0.0438450362562435 0.0350261852325523 0.0368433964644381 0.0328343233366308
0.0432391377398744 0.0424584825556911 0.0383598986035281 0.033534310701426
0.0376991766417632 0.0337088257259841 0.0359136957776949 0.0312997603041575
0.0323257610434666 0.0334979372347849 0.0365305581937911 0.0332638578689403
0.032161903771339 0.048078592170282 0.0382374240457553 0.0427828641714015
0.0470155837683706 0.0446357305715715 0.0378854301554164 0.0454752022725556
0.0393556452065241 0.0385064913452534 0.0369053499623811 0.0299450691611033
0.030259700800525 0.0278104021600272 0.0350280919542371 0.0272048414314455
0.0324016285216203 0.0339461003274462 0.0369179661096406 0.0341125898095997
0.0141198167460971 0.0399522114427363 0.0370689176659829 0.0316657192189455
0.0245730459777405 0.0353387164022843 0.0361099507896573 0.0278821278585097
0.0159848176990636 0.0204684361002093 0.0354461982598699 0.0218699079000749
0.0362132863781881 0.0315521869077031 0.0368969322739091 0.0294886047458879
0.028440831968328 0.0347894056146363 0.0366350439812194 0.0359420145070788
0.0459845401579514 0.0368090657702902 0.036526427150867 0.0329361245694713
0.0283320888818707 0.0319799128182828 0.0365035844510534 0.0338576340102132
0.0313824855838902 0.0183052535994026 0.03507495014827 0.0108719495079269
0.0232024857861688 0.0388126245747115 0.0370789350754579 0.0325220616368824
0.0255298416683218 0.0369572218369854 0.0366819742539772 0.0373630282438157
0.0436904923641123 0.0441236561781323 0.0378683494519284 0.043074785219116
0.0191141430375865 0.0258299288302799 0.0357127293109041 0.0282836421596827
0.01563402513857 0.049635392953207 0.0380199627329472 0.0399011163223521
0.0358146699436475 0.0396802271199636 0.0373318255014671 0.036542083489241
0.022196996663115 0.0327331924486593 0.0369207473392312 0.0279599528106378
0.0492560194456019 0.049636122748117 0.0382761555070646 0.0513059158841914
0.0435548874636879 0.0281817363394418 0.0319513548511338 0.0211585496547334
0.0360378436540486 0.0234937537814514 0.03307819345519 0.0164807431096391
0.0444942671543686 0.021748925598076 0.0307352529629876 0.0226807049696215
0.0319763824925758 0.0537538080656758 0.0385749337556554 0.0431971439498643
0.023181150565506 0.0260101948053116 0.0355745590473986 0.0286651633955822
0.0249454731150763 0.0220260942871024 0.0347022968690116 0.0205884795269062
0.0180710456275847 0.0266104852138222 0.0354942212766133 0.0297413420286262
0.0499694466096116 0.0503033800466222 0.0382739489209524 0.0452149944044806
0.0339700829208596 0.0463072963029631 0.038187503449785 0.0443068539427776
0.0414180159190437 0.0344567630396965 0.0368069058295045 0.0328357192742344
0.0166568916349206 0.0305182553881672 0.0359011908288379 0.0284372960808032
0.0151540670543909 0.0199548923143798 0.034516328335308 0.0222215613057568
0.0487069054855965 0.0462876186555448 0.0386079879811286 0.0415910099835911
0.0178334570664447 0.0393410940924818 0.0372439290162422 0.0250232119684464
0.0437773737125099 0.0372593619644627 0.036930279668732 0.0228554820875789
0.029404846005491 0.03797107940334 0.0370034581475941 0.034748249435697
0.0389397576218471 0.0177763765776885 0.0328891852983969 0.0173055083990174
0.0451798208552645 0.0261071253593931 0.035009485114412 0.0176020020557885
0.0227362206031103 0.0377851071813346 0.0370117267910826 0.034052933567735
0.0299813781864941 0.0331415609415014 0.0366929934294417 0.0231907469839844
0.0380133654369274 0.0340363994471882 0.0359419831419717 0.0341668754177281
0.0257153739832575 0.0436079906747471 0.0377395211885564 0.0386969181789493
0.0191030976682669 0.0386517312569852 0.0369028381108217 0.0323372095932383
0.044465888326522 0.0378202855165041 0.0368534496851897 0.0374774131497848
0.025178303476423 0.0277485371544029 0.0346802859067043 0.0299775839628005
0.036955636361381 0.0281678382235225 0.0344661049500414 0.0270723588436745
0.0292910697346088 0.0422374089229078 0.0376152337467254 0.0377869272857946
0.0465919906360796 0.0295515049159746 0.0356581240104448 0.0283918363815592
0.0341839211789193 0.0187516806194343 0.0317290198583625 0.0237167621726382
0.0286966651619878 0.046056679323566 0.0388351915156048 0.0374635586194252
0.044914016709663 0.0455149207111907 0.0379971208066563 0.0420662195114516
0.0412738046434242 0.0240052749189479 0.0300309018474358 0.0226193466411193
0.0235834645776777 0.0273580225674938 0.0361993766106814 0.0280204119259196
0.0499698988627642 0.034252184245436 0.036803636289945 0.026497537855268
0.0459419106424321 0.0277876436961347 0.031751339895488 0.0313415192622167
0.0341095380659681 0.0503683565731846 0.0385616117609016 0.0493892357558852
0.0485527687822469 0.0281175294341624 0.0354545983362552 0.0258992430155198
0.0266543411969906 0.0291806958642635 0.0357493918067663 0.0287779225851071
0.0462034978205338 0.0307564107853212 0.0359628454631294 0.0273520413829999
0.0293735251179896 0.0476153432210585 0.0382500080903276 0.0410957085383397
0.0482881829841062 0.0345031630421896 0.0360938128985778 0.0289216224718724
0.0445114056405146 0.0267378321916662 0.0341300210724144 0.0257509472564059
0.0211512901179958 0.0301255324484275 0.036440169035505 0.02972574732569
0.01895174254023 0.0670973161597927 0.0394023780927879 0.0477300799230263
0.0464720649179071 0.0391716612201029 0.0372347099700297 0.0382623368296466
0.0159862404456362 0.0432682988058276 0.0375329259010754 0.0360363491215917
0.0299594106851146 0.0374408438183117 0.0365787155133348 0.0340705131411836
0.0252542928123148 0.0236950072515274 0.0351214077798328 0.0245446370787813
0.0279843627678929 0.0425609384297307 0.0375229657772421 0.0400293982348959
0.016535173918237 0.0422339398036451 0.0376253351829952 0.0323475496643662
0.0284763456817018 0.0328055822204826 0.0355972629730751 0.0296209555990733
0.0264334395586047 0.0325658841114019 0.0360111468260363 0.02776352995044
0.0202000601071632 0.0238933851936862 0.0353957718650995 0.0254015042963
0.0437489403935615 0.0363842191118504 0.0366876081855356 0.0358153348562632
0.0345470597676467 0.0394745820704421 0.0373083079692693 0.0428298258996842
0.0176871700707125 0.034628820667315 0.0367157798973849 0.0341834409083766
0.0249902006529737 0.0797206093564713 0.0413703495430337 0.0571186999710132
0.0182984825194581 0.0331046787694878 0.0366804246013324 0.0298123312514528
0.0154490602668375 0.0368378265970415 0.0370582302006424 0.0334147934671228
0.0353285987395793 0.0320507683313738 0.0360567815539251 0.0323975045669101
0.0486799526232062 0.03605441406221 0.0359511829434229 0.0378873949158494
0.0401468442782061 0.0344392022700755 0.0364103326673913 0.0340391697230877
0.0205204197322018 0.0345966873311341 0.0369890393901003 0.0294738679784493
0.0363883529527811 0.0331449691184589 0.0361424673338044 0.0327855477900095
0.0160669797041919 0.037205221589056 0.0368416226977286 0.0343727041789137
0.0338038142450387 0.0363716141357433 0.0368680041869242 0.0311524736145259
0.0420280730031664 0.031652639207036 0.035744745901371 0.0315921234642803
0.0425057601649314 0.0436756347993791 0.0379607238108698 0.0397283013467332
0.0286532856465783 0.0392473960568862 0.0371711298695657 0.0380730636396312
0.03361366513127 0.0367754322671234 0.0371491360111755 0.0350212853791956
0.0480755830765702 0.0267724070434978 0.0321025973061596 0.0279673383004423
0.0224740494275466 0.0533990383954196 0.0393690299566459 0.0415502992898007
0.0486832777300151 0.0413654594747922 0.0375217031810873 0.0362694156075925
0.0303332194132963 0.0526596499011098 0.0385841735603812 0.0456252595559132
0.0492348879342899 0.0303549313787633 0.035081631393792 0.0262800126293174
0.0316843331791461 0.0516543352782628 0.0383870849632581 0.0484704229483974
0.0239819883543532 0.0405196609693094 0.0372665708086265 0.0353793985883231
0.0330594922357705 0.0244978310476787 0.0335786710165622 0.0163975494100106
0.0301833314064424 0.027422772975347 0.0347597473688606 0.0260097915684998
0.0183240703452611 0.00255134935033324 0.0165639942589978 0.0145897734274492
0.0367510986077832 0.0595403926604466 0.0388261792485345 0.0593858374218874
0.0270145894581219 0.0378529540586707 0.037155597289768 0.0369133164743008
0.0446824830985861 0.0409964420285463 0.0375623467335524 0.0399511790466167
0.0201523268216988 0.0345153368733129 0.0364845899848527 0.0314081976258426
0.0477133342792513 0.0345220613932675 0.0363043314971728 0.0334224613918905
0.0487400652753422 0.032778684791194 0.0352655088107063 0.0289027936017569
0.0410440110688796 0.0399443977859418 0.0373779046484009 0.0398764529887941
0.0245420587045373 0.0496314740152381 0.0381345723196579 0.0434499721628594
0.0338669126416789 0.047192112552148 0.0382128509374184 0.0414780692896586
0.0214338563702768 0.0311018012688828 0.036530913767009 0.0314295758224371
0.0320750856510131 0.0615073741299807 0.0391957115936295 0.0553225241750366
0.0418826944223838 0.0437509889153738 0.0378032924892807 0.0441456934024481
0.0378697705775266 0.0395688538190844 0.0372294232670519 0.0378988178602524
0.0180496839660918 0.0414015784797454 0.0374470702740461 0.033817740641841
0.0313905475079082 0.0683737045914599 0.0395817843137055 0.0625524297439241
0.0297481638583122 0.0238482229216107 0.0341490500304827 0.0228055029966362
0.0378929244674509 0.0599372897656545 0.0399648420745779 0.04947909598641
0.0425986382935662 0.0528183329452784 0.0384389735585541 0.0492197640064045
0.0486150723445462 0.0764472330582123 0.0410359678365859 0.0727626311290964
0.0422637316136388 0.0276169455999676 0.0359224444844682 0.0246219776822249
0.0418016284471378 0.0405332129932392 0.0373614984800558 0.0382924720644597
0.0336391483433545 0.034125984364102 0.0359124107537661 0.0384228869640501
0.0390883571555605 0.0300143920488953 0.0357491924803636 0.0292760446948646
0.0286416978953639 0.0333656526146973 0.036895740212457 0.031553344324609
0.0437599620810943 0.0612327843542155 0.0391328703373324 0.0611980267953238
0.016452185579692 0.0236499899863159 0.0351123003255594 0.0262683403038357
0.0441460683243349 0.0314135251779392 0.0347355044699201 0.0253459910800438
0.0385515027737711 0.0361185512782907 0.0369490113652809 0.0357600350500061
0.0480886349600041 0.029588429253652 0.0346892507937081 0.0329350236943624
0.0324262948270189 0.0175580575184125 0.0323033263949255 0.0206452602237934
0.040681622250122 0.0216147181188017 0.0217207856340681 0.0179803298496382
0.0157363913865993 0.0281677665039553 0.0361593928358552 0.0263003336762599
0.0381326034636004 0.0266952716226342 0.0262332038995178 0.025922460701469
0.0308552165777655 0.0227762995784869 0.0350118705471658 0.0217942389050062
0.0203222958341939 0.0378092401185941 0.0371371154472378 0.0366298385129511
0.025828708577319 0.0305064650375044 0.0358625732576798 0.0298609644210657
0.0370989847462624 0.0285945103765912 0.035547056727649 0.0300777705349178
0.0305693987931591 0.0331647035893955 0.0351538165007798 0.0362681905369448
0.0295783369365381 0.0217772559548204 0.0350410190359833 0.0245649507626641
0.0177517348987749 0.0395120011117877 0.037289660395371 0.0359019005235871
0.0329308904765639 0.0326570578272502 0.0361186139693708 0.0350327074855575
0.0446422898181481 0.0319093817794293 0.0355203785352413 0.032516606855417
0.02235971353075 0.0226582276216516 0.034160107572307 0.0250708535789328
0.0354885374807054 0.0284009194851424 0.036663091402779 0.0277177221424144
0.0368680668616435 0.0390002095576279 0.0370706160666472 0.0373287897275213
0.0340701297332998 0.0393928105219727 0.0373530173424944 0.0406358730549257
0.0179449320654385 0.0345870108507751 0.036857741531464 0.0287505803110786
0.0352396605245303 0.036840510976901 0.0365496193175316 0.0355095783732093
0.0147824053216027 0.0242465128687131 0.0362175502970105 0.0193438412881756
0.0313180674449541 0.0248101755263934 0.034574141419706 0.0251825608554522
0.0384071625128854 0.0317048108563791 0.0363486091556179 0.0315450395988619
0.013294622124522 0.0507713988318902 0.0381037725855633 0.0333293289315785
0.0344861490622861 0.0582953195391572 0.0397868146824596 0.0486786128517431
0.033266255617491 0.0286773838169728 0.0362527292203505 0.0278427732501725
0.0272879892494529 0.035377630145443 0.0363516227839761 0.0321450253687425
0.0418485931091709 0.0481223412485185 0.0381741717672657 0.0445448298398383
0.0260729041270679 0.0313122926311165 0.036416546600954 0.0299521818788314
0.036683627817547 0.028109913182093 0.0362002247611844 0.0253593858927753
0.0330135341646383 0.047288706326708 0.0382009679387154 0.0455841871934169
0.0182947881607106 0.0307218832632903 0.036251224706966 0.0284886303720104
0.0248998116410803 0.0521812987070513 0.0392357775431308 0.0370909007037433
0.025362789654173 0.0434334687985839 0.0375928019202824 0.0422108420445783
0.0417060223146109 0.0517328908007245 0.0385675351853519 0.0501211828992643
0.0444202985876473 0.0537414017558215 0.0394360235156187 0.0496594420478161
0.0217497088684468 0.0451875838804074 0.0378610310788289 0.037095175770996
0.0429743769724155 0.0449417095987239 0.0396419423330092 0.0369167756708995
0.0416069848521147 0.0564326082582597 0.039477536273943 0.0546850883726645
0.0463944215356605 0.0399026430922067 0.0374519451642375 0.0388567206722249
0.0256340118707158 0.0317877559910767 0.0357711487676534 0.0313234489942181
0.0463442828244297 0.0286761050629946 0.0361011506791814 0.0222889108375665
0.025131768535357 0.022625804085287 0.0329062952691711 0.0192789730049665
0.0446317902795272 0.0286085896732201 0.0351612649751816 0.0282409179095224
0.0399454447062453 0.0704498765621934 0.0409580603155054 0.0427568594794075
0.0243650663178414 0.0256060437907815 0.0360800433579947 0.0250874140140016
0.0419741385383531 0.0460743233061864 0.0381552615891119 0.0351011890388722
0.0331254839489702 0.0358702437722167 0.0369707850457087 0.0349515809984353
0.0166852732218103 0.0344265281453798 0.0368768379209989 0.0274186966692357
0.0396043858199846 0.042827870310363 0.0377538046524223 0.0409559258913648
0.0166511208662996 0.0329853494388261 0.035607130047135 0.0301013295680749
0.0342354550462915 0.0561996648448553 0.0386201757979663 0.0495841010620706
0.0493951821321389 0.0345213024200634 0.0369913840821123 0.0316103744976006
0.0459556683810661 0.0549665655644893 0.0393653718284045 0.0516806130060878
0.02100848480477 0.0305420062136652 0.0361335399955911 0.0314112632936965
0.0251434351492208 0.0508570370208411 0.0384880250794719 0.0412948252169444
0.0348262806801358 0.0319892836057179 0.0320374794180301 0.0313894388092642
0.0211907963966951 0.0420901989917679 0.0374111317289067 0.0378931945026982
0.0354400026932126 0.0328921405624659 0.0365277082696202 0.0326797021257954
0.04959450874303 0.0368085810739176 0.0367732249719935 0.0348239865389306
0.0362350816692924 0.0347131719237061 0.0361148705748151 0.0342898155877871
0.0205976274155546 0.0309135392906947 0.0366041463207223 0.0268064065805468
0.0238634840032319 0.0314302262153284 0.0357694264654052 0.029884120357287
0.0174942722602282 0.0300988777501966 0.0349519172323223 0.0301534821410731
0.0355365335650276 0.0315264111860545 0.036182939488327 0.0332422403084685
0.0285568228311604 0.0432477623986608 0.0376306180274408 0.0456369602862606
0.0354009514267091 0.0357077087339687 0.0368894476621797 0.0370026304187326
0.0446289755956968 0.0426057690622413 0.0378327599724243 0.0433005251176997
0.041243677501916 0.020864144967446 0.0255676043445519 0.0246136073968915
0.0231323350453749 0.0334765796111161 0.0368089474083992 0.021770858353208
0.0280868386878865 0.0442496821324978 0.0376847251825163 0.0384554211534239
0.0312503609864507 0.0383248293878753 0.0370273790305123 0.0375832478227046
0.0231244699331 0.0153504179723439 0.0307143530694703 0.0146467387772481
0.0249868932500249 0.0406662102168734 0.0373175338427427 0.0388880205076982
0.0139139866107143 0.0402820790137895 0.0373115186998072 0.0259540459551197
0.0494571249495493 0.0342656997793219 0.0363862004186364 0.0336682041376694
0.0442545410245657 0.0261831534922947 0.0347844413760627 0.026429451867843
0.0320118465431733 0.0430459020891814 0.0376734688584184 0.0407840453269645
0.0268826979998266 0.0232685709204106 0.035624206867771 0.0234336178954497
0.0243748634500662 0.0261720240777993 0.0355343343995622 0.0263758493095377
0.0189939998148475 0.0451253046752204 0.0377132297638294 0.0416883442047037
0.0213605541124707 0.0322939501827083 0.0364972480793182 0.0283255789421298
0.0391093005920993 0.0439926905310079 0.0379886307944514 0.0434862356900388
0.0287719511718024 0.0461855622616774 0.0378852484583158 0.0432599642031973
0.0347233373322524 0.0489915542625328 0.0383442300766416 0.0466295055058502
0.0363758600055007 0.049375346067797 0.0387598554742382 0.0450444410314299
0.0480410984862829 0.0394038567687178 0.0370877546551402 0.0371276605901314
0.0399804500659229 0.0383398343709807 0.0372574766856356 0.0358504293653679
0.0447774059080984 0.047272121821298 0.038139898762568 0.0469568553999053
0.0284013137337752 0.0175854949866676 0.0334927716299721 0.0160261913440294
0.0152469601278426 0.0280593055980656 0.0347252926817295 0.0281986716238368
0.0410814940492855 0.073721887552 0.040367100167924 0.0636517393200641
0.0295198477513623 0.018673883380018 0.0343204577086587 0.0231875966914282
0.0354967332183151 0.0310426156809344 0.0364072576834251 0.0308235719660462
0.022007811604999 0.0473409483075766 0.0378521194282419 0.0366858770664247
0.0260181125195231 0.0347190927554899 0.0369222468463474 0.0312662337495028
0.0336592847597785 0.0279347497454226 0.0346779513305395 0.0290828940780534
0.0448596499947598 0.0353340923109451 0.0362345876651916 0.033827963180318
0.0491951692092698 0.040088603651933 0.0374406245134998 0.0405013187935343
0.0367241038999055 0.033438959951154 0.0364700116177553 0.0349216660807993
0.0178789792087628 0.0391428046851264 0.0373697375090572 0.0317702502849204
0.0439837995712878 0.0352365451290935 0.0355784748045769 0.0313236691431776
0.0407594093325315 0.0466720810937052 0.038219603952229 0.0391474987130837
0.0364247210498434 0.0263937543277631 0.0347523846067167 0.0256218434111804
0.0169122010702267 0.0335631099619018 0.0364342269799272 0.0328340547526754
0.0421282931754831 0.0488671990900246 0.0395420928139327 0.0421182307024732
0.0141002530610422 0.0590380112274104 0.0387242910288606 0.0399748020788883
0.0160398927982897 0.0253314982152288 0.0353845567265548 0.0199788624805151
0.0211676162958611 0.0462992090452286 0.0378740294016014 0.0385738680419751
0.035671455602278 0.0345705962498717 0.0366813884164802 0.0328685824056763
0.0285177060373826 0.0245600671662575 0.0350706084835414 0.0210662563744383
0.0484276988281636 0.0328078387980853 0.0340995857664205 0.030061275559017
0.0174859788065078 0.0191328537776327 0.0347925189877931 0.0169745881505345
0.027687016321579 0.0419130247057341 0.0374643128132843 0.0362399550398222
0.0475684449687833 0.0442864831057923 0.0380351777661526 0.0436988892666059
0.0252187770296587 0.0419858019127452 0.0374755457951746 0.0391658399395938
0.0337843850633362 0.0656051349592737 0.0402327218684482 0.0512652605402473
0.027591992347152 0.0319905968504514 0.036388457197291 0.0309545945337151
0.0435974121355684 0.0314000798701662 0.0363102307021151 0.0330196874282255
0.0228571977466345 0.0451719916904398 0.037831248718607 0.0344054346651469
0.025760163369705 0.0539403019039734 0.0386417873762503 0.0440918471309042
0.0271349644404836 0.0321679559071314 0.0363041350972032 0.0322358639172675
0.0494386752281571 0.0474907388707623 0.0383623012722223 0.0466792193045109
0.0361139619752066 0.0388171072849339 0.0371763920060927 0.0384119839648043
0.0289199906197609 0.0344393345483504 0.036845991449782 0.0295278670508322
0.0339978855685331 0.0412243877966151 0.0373531849409146 0.0338478646830068
0.0297006798064103 0.0416947624218301 0.0375388085045983 0.0386547922158694
0.0352678427705541 0.049166787078928 0.0381857560673854 0.0495889653014064
0.0444889884151053 0.0433662435606331 0.0377640120518552 0.04137096673379
0.0211803766404046 0.0187770536998066 0.0352289806212406 0.0196260638925449
0.0388797341787722 0.0420246598037134 0.0376524636731344 0.0442206341821448
0.0297430803213501 0.024156143341702 0.0360432786650513 0.0226747480330374
0.0129938597528962 0.0136191127570473 0.0336952217044743 0.0106939251872855
0.0311608081945451 0.0554496019858071 0.0386730785904514 0.0504217837845589
0.0251714139158139 0.0278315877307009 0.0355542511919488 0.00813000946636465
0.0154147044318961 0.0411981131532343 0.0372403962802164 0.0278980380210673
0.0495045614079572 0.0479072615155916 0.0383965878904028 0.0473317849515072
0.0471846349391853 0.0262447906411076 0.0352906411662893 0.0256443237156557
0.0192122417356586 0.0242162326362145 0.0359751906729259 0.0232257999406824
0.0148866086325143 0.0576715587068978 0.0388315285494668 0.0375107063990328
0.0485144829202909 0.0471953872250727 0.0380992946115665 0.0437934290154521
0.0342741126893088 0.0377710157630552 0.0368226169051744 0.0367704947492079
0.045565635789535 0.0248225122248296 0.0316540542692296 0.0150587220493683
0.0444364550843602 0.0257305638185492 0.0353448475672979 0.0261992423764252
0.030682302286732 0.0370240912390104 0.0372700592529163 0.0377543320810919
0.0448575593298301 0.0430428227768639 0.0378027206552315 0.0392154054451265
0.0157580406783382 0.0258402551306344 0.0357423043809647 0.0205785640602679
0.0366096652287524 0.0317680850370753 0.0336724468743317 0.0378923640811535
0.0290692980779568 0.027045170635114 0.0343008946870839 0.0282588156263629
0.0314034717855975 0.0311691017740423 0.0359080016466267 0.0345367592228503
0.0456730998295825 0.0392303321523627 0.0373877444115953 0.0384763281236557
0.0315145087864948 0.0390466114196023 0.0372862880406003 0.0402901340623414
0.0435664664779324 0.0414880376158508 0.0375489010321722 0.0416185101802492
0.0336558642360615 0.0298978668626438 0.0362622769803012 0.0264368497115715
0.040081554511562 0.0382908532919023 0.0369348656666149 0.033082665395579
0.0350962079857709 0.0506770358758376 0.0384022563106877 0.0426728846930598
0.0296947257913416 0.0284877055569391 0.0364316041419622 0.0248324891918494
0.0418186678376515 0.0409117609393255 0.0375789341234785 0.0425710279033093
0.0436745731451083 0.0615809596251544 0.0400394193079689 0.0461169793108609
0.0369719905895181 0.0492336946910243 0.0382265053296777 0.0482841489886007
0.0390979427611455 0.0319292921513528 0.0363933704126467 0.0300323948561531
0.0244191743724514 0.0485214235826543 0.0379695539703422 0.041830362988307
0.0288519615831319 0.0723929834293216 0.0399641806131856 0.0575230042379346
0.0208643077872694 0.0240533225216093 0.0332609691612587 0.0267887987240671
0.0331764811824542 0.0391769677784717 0.037243788239245 0.039011823326531
0.023235346909496 0.0406382673797751 0.0374280282380905 0.0403878189139666
0.0314612114307238 0.0394626587997258 0.0371201824453556 0.0341000698735326
0.0323094953346299 0.0466627458527909 0.038669420252608 0.0422000777835534
0.0155532610486262 0.0268050562618605 0.0342134759339236 0.0246066504519915
0.0136620282632066 0.0521969241649492 0.0382066793169674 0.0339610882454494
0.0376382457034197 0.0316706303227456 0.0366539394779462 0.0336129781159335
0.0428098743141163 0.0358030275233246 0.0364340648880687 0.0348124984621578
0.022783408977557 0.0322578821859449 0.0364541340267448 0.0291236494013983
0.027064229932148 0.0283677807338431 0.0351720590035782 0.0282280364051824
0.034427020009025 0.0216128972234166 0.0320260202629879 0.025194370703086
0.0236838813318172 0.0287770111010098 0.0364476107983918 0.0283681466888602
0.0219428101583617 0.00927639398087864 0.0297998981244818 0.0186607840729835
0.0337800306035206 0.0299999518475716 0.0353043562141221 0.0324027850113162
0.0264826165133854 0.0245774921217953 0.0343368651045405 0.0198736071944489
0.0278506528702565 0.0246440460979662 0.0324042154270683 0.0194246887005921
0.0260107203532243 0.0293617634058432 0.036277653392992 0.0300085880307827
0.0283326337928884 0.0569397507041308 0.0389379997900006 0.0467498695187123
0.0465365564014064 0.0470622909278638 0.03834799103935 0.0432272062227511
0.028137772003538 0.0437694032057355 0.03771240072535 0.0410652573533085
0.0419286823831499 0.0310007756265076 0.0366548206872753 0.0241606960539716
0.0469367310055532 0.0387176355354142 0.0368970156432702 0.0327532128381832
0.0243934147962136 0.0519920032539496 0.0382949182052164 0.0473996765462944
0.0222816668683663 0.0281757871721322 0.0355141546105304 0.0301023924044806
0.0462564282235689 0.037211585413748 0.0373308953231005 0.0254190741106565
0.0426497100212146 0.0317416683913204 0.0358884551084497 0.0348534052039483
0.0386472732992843 0.0383877283155426 0.0367318920105141 0.0349460459060226
0.0225232677679742 0.0306280070634035 0.0363875069086314 0.0345765810357152
0.0381505802390166 0.0327822805480544 0.0358350453726012 0.0337976459919983
0.026498538031592 0.0298452289186492 0.0365419221462561 0.0294445716271245
0.0210121021402301 0.0532624542988878 0.0388667169739888 0.0365285867166483
0.0177772307564737 0.0280774462117294 0.0362990803304931 0.0320542736308155
0.0330060817592312 0.037565840826311 0.0368778551261818 0.0369973683664261
0.0407985686615575 0.0432134846105671 0.0376957252102819 0.0436908506978124
0.0437282753904583 0.037623634576422 0.0369400048719039 0.0411596314670638
0.0480195551877841 0.0246765444672629 0.0311572353053871 0.0252082972636323
0.0411726553633343 0.0218609220791598 0.0341078989269164 0.0245071251226559
0.0479202852759045 0.0377969442484973 0.0373185036065356 0.0376954444650619
0.0133363705856027 0.0311060890520046 0.0364705793029246 0.0313914014262653
0.0402020596287912 0.0330607308202421 0.0365168900530762 0.0328089347466961
0.0461164033360546 0.0390953797317467 0.0372571557944242 0.0391222052882987
0.0194192856200971 0.0246031754674638 0.0358518472424359 0.0247985259499017
0.0334069847507635 0.0282196644913709 0.0346441298469638 0.0241623672901248
0.0195032428426202 0.0268959362124342 0.0343002602056973 0.0268564854685574
0.0383300794463139 0.0340404569485061 0.0369875225143528 0.0346307359926032
0.0228120768151712 0.0505028922455122 0.0383023238681792 0.0410457168459737
0.0181723238929408 0.0440687456581195 0.0376164149107876 0.0408411383577533
0.043299751158338 0.0444605617506737 0.0378396552248805 0.0457814002092927
0.0407270655297907 0.0409002708639821 0.0374915069163658 0.0418140132995602
0.0395620025490643 0.0326405990285623 0.0361786755432141 0.0290040087384029
0.0289191325573483 0.0390839905432805 0.0371244795606136 0.0351769309133379
0.0250931754999328 0.045984890022106 0.0378901609022196 0.039674426163347
0.0460865024360828 0.0317211187772412 0.0365982598958999 0.0319468268707104
0.0491506366437534 0.0676239479485905 0.0437448978690948 0.0515298359902038
0.018729406199418 0.030758867708721 0.0357532829332811 0.0283649681032878
0.0361600837495644 0.0475230572706276 0.0380146811928731 0.0458691012284632
0.0434540738671785 0.0596207542939612 0.0391283608410642 0.0544467038241292
0.0230710962438025 0.044698393501311 0.0376864204586275 0.0406907748742268
0.0328868871874874 0.0397401087428532 0.0373083049258482 0.0394461840120379
0.013042036324623 0.034882709776419 0.0369596141964302 0.0304937954049825
0.0367290968482848 0.0539232015476597 0.0394192112580097 0.0434366754867458
0.0268154642573791 0.032226479948674 0.0366938397080013 0.0319727916379354
0.0328452258661855 0.0362062173300535 0.0371952937407827 0.0366297156149268
0.0269894327328075 0.041868392939128 0.0375745406788681 0.037467429705876
0.017979833271238 0.0289372099876031 0.0352417122538806 0.0275940576935161
0.0366752274509054 0.0443759728518591 0.0377987725475979 0.0398752037802416
0.026937409825041 0.0256625762050916 0.033003353991967 0.0228804737893931
0.0422045131213963 0.0427081160748332 0.0377148093575142 0.0410653613949627
0.0248069346620468 0.0516904136076862 0.0383520086243134 0.0414190803302425
0.0330347312032245 0.0337291712742484 0.0366079342213988 0.0338587562971115
0.0435119937697891 0.0309399821817928 0.0355920771866287 0.0292420099909321
0.0491963441018015 0.0495437770082383 0.0392795036419185 0.0473010594438867
0.0152056471357355 0.0346867120274742 0.0361011813052695 0.0294693974769801
0.0189684913115343 0.0337744470489563 0.0368768411039829 0.0323922830193768
0.0292111170332646 0.0581936133054543 0.0390079007536363 0.0440110861143038
0.0497566885169363 0.0343394218667575 0.0361408492066495 0.0329056054856768
0.0480574058106868 0.0229001915116614 0.0304617135098991 0.0170066504151918
0.0267010938725434 0.0309433870360907 0.0351640778098373 0.0305756712569969
0.0322980678378372 0.0304953964976246 0.036183577029371 0.0317309863392724
0.0381783228775021 0.0210216171022688 0.0328925700055248 0.0228808264743733
0.0223863111663377 0.0263741384673812 0.0349267910911611 0.0248501554167806
0.0191039980360074 0.0367918262138644 0.036747889711171 0.0298543174660355
0.0437204521236708 0.0338457568974873 0.0353654650104705 0.0352743006103396
0.0478717387624783 0.0361807384304027 0.037177603253012 0.034694240594928
0.0179703819390852 0.0288693973897454 0.0363608540910126 0.0305070204524584
0.0237190005020238 0.0397679274571869 0.0371673231226047 0.0311741083556184
0.0321413895959267 0.0376863736485702 0.0369227318645401 0.0347806358665591
0.029190561932046 0.0346919166500038 0.0367090977699455 0.0334587933597771
0.042118277848931 0.041039281187291 0.0374635190132335 0.0388107134026225
0.0427876313682646 0.0658619941202131 0.0398701091214931 0.0569631919027285
0.0312577529228292 0.0344882316030593 0.0368353984900124 0.0309813926787992
0.0491260114940815 0.0367610321356566 0.036637416709436 0.0375213975040783
0.0380096021021018 0.0297546796663348 0.0361392579718523 0.0307173054320805
0.0451679220219376 0.0524438822709274 0.0390851165039317 0.0477916080778316
0.0276668242644519 0.0424232236191846 0.0375654207703876 0.038335923941493
0.0366779887932353 0.0630991912703309 0.0396008299980711 0.0486557100859093
0.0389952677302063 0.0551229790124508 0.0400114987922456 0.0491125990034933
0.0368556943925796 0.0361283306215114 0.036790506079096 0.0351380822289507
0.0445565824426012 0.0317157759799368 0.0357635305498159 0.031395860359771
0.0283930595964193 0.0314415931384679 0.0353095795791812 0.0304750750618662
0.0277985110937152 0.0308153761815985 0.0358013714710768 0.0282326470808582
0.0318977389571955 0.0365029326673739 0.036662124624221 0.0315212161400807
0.0457217656716239 0.0398362501779622 0.0373923396874293 0.037539497644786
0.0425755952252075 0.0341922897135821 0.0369470706174633 0.0344132785251646
0.0179368078330299 0.0420204922842458 0.0380503373077455 0.033737025380839
0.0275327573006507 0.0407312584425334 0.0373661317441725 0.0390143566602845
0.0264110561314737 0.0435413241895484 0.0377083210225178 0.0432839751788188
0.019826292534708 0.0471797291785859 0.0378783914993058 0.0366637093740703
0.0286446673155297 0.0541039937012597 0.0385006387021349 0.0488815575634457
0.0302110765740508 0.0287787254833478 0.0345879674890148 0.0295876083475537
0.0480311682302272 0.0325223392801933 0.0363635173103116 0.0303994635635181
0.0313257037865697 0.0309449482604179 0.0359654250715651 0.0319079887828842
0.0447991667111637 0.0263323161078444 0.0347721843184872 0.0224110335243744
0.0320241376204649 0.0333765999775049 0.0354922001467884 0.0342055580057114
0.0302907922276063 0.0468812754207808 0.0379845886089102 0.0393998166243466
0.015977365753497 0.0556399704624966 0.0384668656253992 0.0441444142675072
0.0160600625531515 0.0622936510415424 0.0389982113310816 0.0431076269975216
0.0324627358088037 0.0237825876056683 0.0343886672174997 0.0211101003655513
0.0358119051525136 0.0262602200792636 0.0338630842744843 0.0207533346845735
0.028938365157228 0.0311891146406109 0.0363263431127371 0.0331240786997937
0.027935387683101 0.0472070472019524 0.03802861014083 0.043026196517811
0.0188068684044993 0.0540084977921203 0.0384942141061215 0.0374644650213197
0.0216258158761775 0.0495424697870096 0.0381423810038153 0.0302446455138874
0.0416205880843336 0.0291700837600945 0.0361596673983849 0.0280301043446192
0.0449724010512 0.0232288336071111 0.0347034759935289 0.0226324487004116
0.0328012800571742 0.0593837532966413 0.0389494372558363 0.0526965449179349
0.0354055553500075 0.0186567566115052 0.0249727422856916 0.0236540065153498
0.0463803699589335 0.0309681622187171 0.0358840141254416 0.0316452087440208
0.0244988332357025 0.0415680529723494 0.037374409012711 0.034712277084553
0.0409783513605362 0.0562895284746618 0.0393569634732802 0.052609980307812
0.0449151251552394 0.0315377099782397 0.0349730517497203 0.0376394931922295
0.0495735894481186 0.0364457302446848 0.0366835209632251 0.0343116972663888
0.0387579394388013 0.0275544739275933 0.0361933669990497 0.0301476997187748
0.037750437593786 0.0410269346178696 0.037403220550297 0.0373329217753512
0.0185905281541636 0.0287244704731888 0.0357563003879641 0.0281136179917684
0.028253115870757 0.0349696570022688 0.03679472904213 0.0350488195892652
0.0342924911354203 0.0287595343318044 0.0346388481028504 0.0270138189471625
0.0240242217172636 0.0468134018098246 0.0380124398492276 0.0384815562137857
0.0441917001386173 0.0354379486510355 0.0366818911219759 0.0349011581505294
0.0399553515104344 0.0482306496072425 0.0380881459397113 0.0494882580661326
0.0419755681825336 0.0631796929164078 0.0394620386555419 0.0580499183946126
0.0175136363744969 0.0194447307928971 0.0348522234091622 0.0220733191725707
0.0380646075354889 0.0324981305058836 0.0362208482956729 0.0344048204459766
0.045246515434701 0.0354008026426356 0.0367610184991906 0.0355045405742018
0.0203687192639336 0.0539040723362695 0.0384024648602008 0.0446778106849683
0.0352000243408838 0.0153907379756963 0.0278987465227786 0.0185511666988499
0.0198101617890643 0.0273307869422728 0.0361808477085864 0.0302902933484344
0.0254991969763068 0.0581755079395216 0.0404257517491762 0.0425439195247058
0.0236692563339602 0.0244740784071524 0.0357555004218198 0.0210559060710183
0.0396174696623348 0.0332104674449376 0.0359110090832193 0.0347325145586837
0.0388104031037074 0.0377998529630256 0.0366517539232606 0.0352419485580117
0.0447278031409951 0.0361606958660083 0.0367172595446331 0.0337354064091705
0.0168391597719165 0.0223932105661199 0.0353002400405696 0.0217095726055023
0.0474228976265294 0.0471662713640849 0.0388247628247887 0.0412621445473257
0.0386473735445179 0.052915579470904 0.0387036901570266 0.0458380149908559
0.0359201033279533 0.0211512156734568 0.0196773383790464 0.0217481067109002
0.0443557756050723 0.0241009488057546 0.0342036813410025 0.0264849116501145
0.039038453422836 0.0345390323088307 0.0368555982446865 0.0348559708700201
0.0263910454814322 0.0364045061207179 0.0369303509205361 0.0295709491230446
0.0256739223492332 0.0279266452594924 0.0363302391037765 0.0275167253475326
0.02767515979358 0.0516101168265092 0.0384289055376418 0.0421270549454787
0.0316879730467917 0.0303504222503694 0.0353729037201234 0.0308815509804621
0.0420635632646736 0.0395465359404855 0.0371305644291123 0.0408397796200761
0.0275402430444956 0.0411759017657094 0.037551687293587 0.0407174391611148
0.0249155480734771 0.0272009587041844 0.0356399596885334 0.0271304598124592
0.0497861187701346 0.0436112043038339 0.0378276910172259 0.0434391893462207
0.0430972813075641 0.0337684193648279 0.0358524099667078 0.0321295125337576
0.0241905522416346 0.0342371874889612 0.0369309252942838 0.0313628849195953
0.045764015588793 0.0514410363411804 0.0389280897012312 0.0448152590925723
0.0259416580549441 0.0274541105137656 0.0356861849016989 0.0234750602034165
0.0309205314057181 0.0402539340266215 0.0372106197154146 0.0362915681198128
0.0276245359505992 0.029894070721157 0.0357924110967885 0.0288852293975898
0.0429610457358649 0.0443838284517422 0.0388681053552399 0.034616753226019
0.044563020899659 0.0650436155679984 0.0397646365363331 0.0600803865073426
0.0449710229091579 0.0414874459994503 0.037523847115497 0.0426548316659923
0.0338519620767329 0.0455179975341794 0.0378969583099979 0.0414631944824294
0.0175047603028361 0.044998895783555 0.0376700578604196 0.0382972309228364
0.0459168594505172 0.0339890624708667 0.035255497514366 0.0336796791820491
0.0355959776090458 0.0254598502493358 0.0339113690038301 0.0246581206531684
0.0260689853661461 0.0433681343035926 0.0375796447404901 0.0387418313882509
0.0337786901684012 0.0393929656214262 0.0372410801064671 0.0349299518811502
0.0265667176659917 0.0385475231643664 0.0373296801714881 0.0356358455548813
0.0470848143682815 0.0359038660626075 0.0370179656784135 0.0368276178702123
0.0484407431242289 0.0389394699150299 0.0373812276612971 0.0394605258643327
0.0175103809335269 0.0491677966293989 0.0380299528499632 0.0385737096815292
0.0329217750579119 0.0305020348423787 0.0362840214276813 0.0272712682208072
0.0476852994121146 0.0459348368540419 0.03895236059468 0.044123661764435
0.0440075816033641 0.0429612584961156 0.0376877965623171 0.0426967849415154
0.0423167889326578 0.0534249715327229 0.0391397245385205 0.046957548226973
0.0210418738250155 0.0449608277609838 0.0377341919793733 0.0333480005322988
0.0445518003311008 0.0394582037117438 0.0374106817098225 0.0370916823767214
0.0174649250082439 0.0199237693342759 0.0352623036651001 0.0228537258935249
0.0345024894952076 0.0389176851208839 0.0372271062128142 0.0348977276972124
0.0149436642648652 0.0512056747167304 0.0381598737425819 0.0297594156032343
0.0303993056237232 0.0345019768743911 0.0359393026130204 0.0284174186445729
0.0490563999162987 0.0649894650428099 0.0399463770843761 0.060430491039742
0.0247661114000948 0.0216210590728856 0.0348310386659835 0.0230253552776098
0.0319577817135723 0.0411928158225154 0.0374889831626156 0.0420894653086324
0.0136118463269668 0.0234157475925951 0.035170415371173 0.0247322902588565
0.0159119876974728 0.0364041602880954 0.0366173476776588 0.0305012003279194
0.0217161094711628 0.0451198352221734 0.0377998843366643 0.0385253662901423
0.0390037218981888 0.0646429130271412 0.0414614026478282 0.0603303669503954
0.0473459203232778 0.0343185534137731 0.0367998417306146 0.0295577808322739
0.0372556043585064 0.0535148140394013 0.0387408908411138 0.0485814520196482
0.0418341104319552 0.0370605945956013 0.0371279444911588 0.0372326201791452
0.0329525997774908 0.0341225186209591 0.0365717229384114 0.0348179323787134
0.0445843926776433 0.0370898695778852 0.0368030540249089 0.0365444301294358
0.0372239974502008 0.0467034901750454 0.0385299296797612 0.0351393305220828
0.0159939505916555 0.038227882753869 0.0369168441142055 0.0299618725360115
0.0496513921651058 0.0346672779425009 0.035825190616447 0.0330033290924771
0.0344331266911468 0.0416400406501108 0.0375633322881232 0.0377156465142788
0.0384400726092281 0.0242073834440453 0.0351784738625341 0.0251751391793587
0.0140126224025153 0.0588924389858291 0.0387120429932407 0.0398347213660565
0.0421122171508614 0.0336161163767943 0.0367284351358889 0.0333851906288811
0.0408634411229286 0.0301068821821099 0.0364232478464951 0.0285319520515409
0.0433662022522185 0.0417742601409748 0.0375988144344836 0.0439711304290849
0.0215468053880613 0.0359923883155878 0.0369183892439523 0.0344025767307774
0.0401578197517665 0.0404270970334669 0.0373412612407647 0.0396743315063581
0.0375955007679295 0.0509642556520899 0.0396200693268542 0.0450619428184149
0.0442346239520703 0.059265627175256 0.0393205112047627 0.0597325335041382
0.0206866663356777 0.0439705261206038 0.0376812603532155 0.0372802039280831
0.0392837709834566 0.0394540336698633 0.0371112766595626 0.0365841363847478
0.0467758921266068 0.0440571797469203 0.0379990540373342 0.0442700657371214
0.0939070886233822 0.0428224371994734 0.03851522534902 0.0372377417624884
0.0970419141143793 0.0473853402108961 0.0446464736591706 0.0435350434391421
0.0838499473931733 0.0677822605301485 0.0429359831122735 0.0633896708410629
0.0524814820324536 0.0542247770024624 0.0388164565643893 0.0525853302001042
0.0638654093956575 0.0467417538225434 0.0386347908693625 0.0440225648732956
0.0692527629900724 0.0428803036847178 0.0378661197348716 0.0393136506524738
0.0707917795487447 0.0648506866741753 0.0409032383425845 0.0475444304032126
0.0533840514894109 0.027142795914692 0.0356601176130081 0.0213930142726797
0.0807902780070435 0.0310210587715029 0.0287947642494767 0.0169755565061875
0.0763150670594769 0.0458654764289373 0.0405203422977467 0.0398543331546457
0.0651431845763 0.0724532445459683 0.0427780547318194 0.0613798886380143
0.062930477282498 0.0343072706540668 0.0360188011285528 0.0300885405416918
0.0889962813263992 0.0427323664683346 0.0379948429234071 0.0371687902330923
0.0505459787906148 0.0287698626445752 0.0354656705959561 0.0304785111139773
0.0690700246661436 0.0382092921265415 0.0363685619802269 0.0331775023331929
0.093599484054721 0.0451857194080632 0.0383398391969317 0.0401557190777846
0.0665482305077603 0.034567795054609 0.0355008287815635 0.0257931102057449
0.0550811694964068 0.0518308978153673 0.0398560148201183 0.0464258934757025
0.0606645206862595 0.0474413425510334 0.0382330800315088 0.0460398245546979
0.0554638501576847 0.0489091451931422 0.0383816605893709 0.0486936384490894
0.0589810992591083 0.0662785148988775 0.0421544960478464 0.0590886092114336
0.0713571927859448 0.034141846923533 0.0359668311102629 0.0325800807747503
0.0736041811906034 0.0361832488837308 0.0358929528637377 0.0299903190407178
0.0916810995258857 0.0389724813809494 0.0368564177767422 0.0294075659102097
0.0562228493567091 0.0376792517249841 0.0370542164050169 0.0333638651096988
0.0995807885890827 0.0537259911402893 0.0407507512579488 0.0447148350072534
0.0530829131981591 0.0700641947065794 0.040573060442987 0.0618133096026468
0.0680681680532871 0.0388290555317427 0.0372826338944335 0.0356240372612818
0.0564741970360046 0.0297654809563221 0.0351215038059518 0.028082282910814
0.0905510883487295 0.0391611425794022 0.0363225711214267 0.0367071085600409
0.0626134807011113 0.0430870198993158 0.0379725429217489 0.0392634558893175
0.090265946299769 0.0472319960490604 0.038855289136196 0.0430737369209778
0.0906494951399509 0.0540265179423703 0.0396555465850757 0.049145931958158
0.0762368697993225 0.0328081934722229 0.0314229596029208 0.0291227618082915
0.0650368400180014 0.046016694935404 0.0385212492143872 0.04084529628297
0.0570166479068576 0.0350264454462728 0.0360655472455016 0.0348868943449838
0.0819436205725651 0.0502534440123019 0.0395282861095134 0.0455554990865003
0.0577559965109685 0.0447587167254487 0.0395430612579541 0.038106006663681
0.0551450744533213 0.0333985864254693 0.0335494107189407 0.0296645497199204
0.0502721511176787 0.0288583708360015 0.0356593213883302 0.0270743524322813
0.0704555866948795 0.0360489039486458 0.0361849333938265 0.028994729661812
0.0813133121118881 0.0379471493195852 0.0366630379354112 0.0315035797749206
0.0544719773723045 0.0532718284745843 0.038863266144734 0.0528110768237103
0.0529981448169565 0.050625149504877 0.0389676126074708 0.0463631554679546
0.0770440483291168 0.0625512039770781 0.0418084153274515 0.0468620262469945
0.0656570152030326 0.0412363946904618 0.0375892258339183 0.0378172850144819
0.0913486688572448 0.0359413257091214 0.0328047710185422 0.0271908499878202
0.0577306112449151 0.0323376250754899 0.0262246386492948 0.0338393193851261
0.0530109171173535 0.0325039892048355 0.0360038820228189 0.0314429378124991
0.0739548748853849 0.0502719259243368 0.0388632683206387 0.0471664248662315
0.0912352616083808 0.0487033952142655 0.0387239294605907 0.0474989145218692
0.0758511440741131 0.0485021011067272 0.0384778501517891 0.0476327904218494
0.0691622118843952 0.0473222246924077 0.038745018030201 0.0453903427520922
0.0563727950735483 0.0483842995750201 0.0388005378987763 0.0375574647192596
0.0592933827050729 0.0412298156566025 0.0376198872287771 0.0381606608397631
0.0595006914576516 0.0337472046901583 0.0347048490880568 0.0313021666907948
0.0795326031453442 0.0391091696763383 0.0374418476321533 0.0315361206740184
0.0701198421855224 0.0407115329851377 0.0377848461345659 0.0378491452556813
0.0715969722572481 0.0364700055658522 0.0364192201494333 0.0301667427603239
0.0820060855388874 0.0429381328720683 0.0379536692556608 0.0382240309435171
0.0552248641412007 0.0481816057227552 0.0385586055906148 0.0467164689421803
0.0929702100052964 0.0480099583241866 0.0388564985568558 0.0462319961412375
0.0645016415219288 0.0392154281067873 0.0371478127915714 0.0338244573435603
0.0548354210652178 0.046830031211061 0.038951016603819 0.0426423619550922
0.088092131857411 0.0482373149661746 0.039012301756852 0.0435334905109982
0.0584339520370122 0.0492644105918724 0.0389934887571107 0.0501547858633181
0.0619982704141876 0.0353362701372244 0.0366582441840749 0.0233645442764755
0.0938872973172693 0.0442692637455668 0.0411447355486026 0.0418361673054407
0.0551667460473254 0.0284026372066809 0.035154473418449 0.0255355687184993
0.0781298260670155 0.0411699316220519 0.0379042909795888 0.0402213906106913
0.0983036183286458 0.0542125291015598 0.0403687904865049 0.0517383410349119
0.0645558167132549 0.0449152534499681 0.0403824908836555 0.0441761363165091
0.0904111039271811 0.0413271928147402 0.0377206398912052 0.0354496387109114
0.0727705551631516 0.0502133599122363 0.0385679018472714 0.0480211713668401
0.0518809537636116 0.0305557344000521 0.0230790486376267 0.0391477610238024
0.0573748303344473 0.0374340378872183 0.0371474625965453 0.035598656529729
0.0549461734248325 0.0535398615213013 0.0402866919984301 0.0496531044662799
0.0672314702911535 0.0510938217336471 0.0400953234705487 0.0484760447092397
0.0823961749207228 0.0523616279402548 0.0394444596264192 0.0516433358681023
0.0615488797688158 0.0323874955468042 0.035039627069367 0.0304052568897975
0.0826228374411585 0.0599648238143422 0.0399394124219543 0.0588584504968967
0.0565617658459814 0.0401385849304302 0.0373587893777439 0.0437844875109492
0.0680287155759288 0.0470576462211484 0.0392033935805663 0.0420697088880368
0.0561784197954694 0.0397911728461015 0.037459035067371 0.0404177545965198
0.053145457257051 0.0421062150781094 0.0376883483393571 0.0355337963238461
0.0694981778069632 0.0376060385606794 0.0364382310114808 0.0376537842302174
0.0539846158557339 0.0510076332022349 0.0386575173156626 0.0546895345515237
0.0664417578838766 0.0440042617531663 0.0381759575942622 0.0396768354550587
0.0990510201198049 0.0668879603236118 0.0491984087421661 0.0556228762469985
0.075446132637444 0.0383468398490451 0.0366103814454383 0.0326352000626977
0.0713009938364848 0.0327588439883415 0.0358850746819021 0.0271372066747828
0.0838145456509665 0.0900701148464123 0.0447146411452137 0.0613796179176128
0.081131169971195 0.0398564061154631 0.0372071233426362 0.0335697443823131
0.0649971302598715 0.0374347479610553 0.0372318393609133 0.0347118626556072
0.062572338769678 0.0349573388523041 0.0358895256977396 0.032048178197578
0.0658757542114472 0.046658470488244 0.0381755289850399 0.0438527967363365
0.080801185654127 0.0357871824391845 0.036045944617683 0.0362404492865891
0.0789890029031085 0.0481920732946007 0.0385079881277259 0.0459487990986191
0.0627505048993044 0.0629386732470654 0.0398761389244012 0.0583017181640465
0.0528788371244445 0.0295907616037009 0.0363108971401703 0.027584865608006
0.0599071263306541 0.0316461502703716 0.0339646277945862 0.0266295442892922
0.0552531730732881 0.0860843147393582 0.0451657146084116 0.0626826044243547
0.0701478218717966 0.0435090995351752 0.0380312952807214 0.0416273660798819
0.0759873858536594 0.0350278971933407 0.0351659248788392 0.030790887375904
0.0749772332579596 0.0620065390813723 0.0420736528303832 0.0505597462649978
0.0574539822235238 0.0377825160128341 0.0371872692812174 0.0358846713878757
0.0623676954826806 0.0282806806881581 0.0318165863754659 0.0309531806177639
0.0933328919723863 0.0634654776727827 0.0408673854642611 0.0511451154528827
0.0780733420164324 0.0699207393849869 0.0427406007688115 0.0532995192021402
0.0856499986315612 0.0561880854364684 0.0406376361337923 0.057303038351311
0.0861249433044577 0.0412477583841332 0.0376765985841069 0.0361429062741118
0.0794722332124365 0.0525239259435977 0.0391827021676443 0.0489940727451831
0.0575169458868913 0.0548096071345121 0.040074448747026 0.0480769420588739
0.0739385218068492 0.0384602172270625 0.0368948395710058 0.0339205677566019
0.0581195848237257 0.051825503730369 0.0415415190329262 0.0439310956043029
0.0835084951133467 0.0362674702274221 0.0354795948492751 0.0327904797460194
0.0634147254488198 0.0356062742263275 0.0358501784087649 0.0293822353315386
0.0759737032989506 0.0456845004009116 0.038570993410685 0.0424702083924386
0.0815087962953839 0.040678467546895 0.0374627789562253 0.0334474119506288
0.0513526013732189 0.0332331181700924 0.0358476984543061 0.0337667132960455
0.0782832422002684 0.0419693723127029 0.0377778166562987 0.0366763664753212
0.0515839800180402 0.0368677205049133 0.0370875785653997 0.0355398947008637
0.0644406271225307 0.038101839686957 0.0371325017214402 0.0349580919438046
0.0578582940128399 0.0427523598835372 0.0378006734968853 0.0403561019275559
0.0630025786667829 0.0307417369355796 0.0352354285445872 0.020945412624165
0.0723680861847242 0.032447402335071 0.0352511907249422 0.0241830099854277
0.0729301235027379 0.0671291528736196 0.0488432141456765 0.0544826303227238
0.077309829252772 0.0470418547125507 0.0382679224144665 0.0448900049209454
0.0596641190088121 0.0364117155613877 0.0356484446886897 0.0361736205688984
0.0800779498618795 0.0466076184448547 0.0394116214409847 0.0426604144412433
0.0884371656051371 0.0371681376722657 0.0363099771404862 0.0275095737694735
0.0606015174766071 0.0426846594396961 0.0377781931162219 0.0420223620861146
0.0580271658458514 0.0246639375367893 0.0268635425246197 0.0248131050400232
0.0600709226739127 0.0430893566169623 0.0382471309836791 0.0411834548347914
0.0538120664481539 0.0450155945139406 0.0383941199368724 0.039577218459382
0.0558025148842717 0.0340995096362397 0.0361621401211365 0.0319538485151482
0.0761168937286129 0.0334203556181328 0.0358024396645853 0.0236005636794042
0.0662973826751113 0.0376003711465645 0.0371714498210551 0.031692693460228
0.0698065130622126 0.0366738301668286 0.0370852398990667 0.0290694402498363
0.0606944719387684 0.0361684871272322 0.036995479466005 0.0321598671168022
0.0781730329123093 0.073282302043082 0.0406583538048983 0.0717429086199292
0.05061520433228 0.0512581187079932 0.0387498900793818 0.0499052542639697
0.0557137369236443 0.0469653024608641 0.0382963353373171 0.0416338183125394
0.0612290022865636 0.0232646488778789 0.0250885030492482 0.0162363128811125
0.0808892154542264 0.0433571788931837 0.0380014838847942 0.0331321562175032
0.0746136941481382 0.0517063974543385 0.0410062105118618 0.0471844655389088
0.0547641646378906 0.050169980869189 0.0386150085999064 0.0504366880816871
0.0913256057858234 0.045258304611878 0.0387619198930853 0.0404657428947371
0.0653128415870015 0.0501127887310984 0.0383491762318839 0.0477885378319846
0.0993228895618813 0.0482073204233108 0.0394341720073279 0.0446499535863448
0.098644302674802 0.0588553691791524 0.0402682774494441 0.0594978833179941
0.0890161537943641 0.0457658425635097 0.0389705846954824 0.0414443630061313
0.0553470037615625 0.0340259207255068 0.0370338211052832 0.0263966591804014
0.0944571041007293 0.0554979859542173 0.0400393717462844 0.052477332888937
0.0611520233738702 0.04955262131834 0.03869019133629 0.0495194888091998
0.0676437770976918 0.0315292902453802 0.0356094154642775 0.0271702189198689
0.0745779964985559 0.0545342268565419 0.0398167881889339 0.0505283292205339
0.0773279490385903 0.0485177689953732 0.0387790421156406 0.0431316967418311
0.0756613467383431 0.0350693589904488 0.0366173693398902 0.0293423649292957
0.0575788259360707 0.0402522889985764 0.0373896394775122 0.0375345662758032
0.0905450237420155 0.0370043834374846 0.0362015951909892 0.0301849114913438
0.0623053473158507 0.0597599419473838 0.0392119839459705 0.0535172218319962
0.0586152632458834 0.039564224051213 0.0372434376078404 0.0341430975678923
0.0587076617608545 0.0441885876824319 0.0380964649383879 0.0415601308805891
0.0880382286617532 0.051039891275046 0.0389013236264605 0.0473624151450924
0.0857138539256994 0.0557579596072171 0.0497362309346036 0.0551687416974566
0.0544590257341042 0.0642009235322476 0.0399546480810113 0.0651963741394283
0.0893293422064744 0.0400553725734591 0.037349115084086 0.036201064371912
0.0707275644293986 0.0441586420369998 0.03797882354201 0.0412638522797248
0.0549638851021882 0.0689297773832942 0.0407419165769963 0.0558158047010884
0.0531450767390197 0.0356621506514586 0.0369691619799343 0.0236989867223586
0.0975269368820591 0.0504557853542947 0.0397365193487469 0.0436675707539432
0.0506816935929237 0.0437148733587851 0.0380077939155662 0.0392809187440404
0.069330352570978 0.0484322643893687 0.0389673001260195 0.0503243582244903
0.0694093658181373 0.0550506164588518 0.0403066986228252 0.0416604511767474
0.0706343427998945 0.0482249891847882 0.0411961065026121 0.0461974987400717
0.0592737054394092 0.0328263528891695 0.0363390434116042 0.0310014777632035
0.0698185530665796 0.0647830712245153 0.0408851266679992 0.0582764019061904
0.0832182118174387 0.0439649254476737 0.0380695383957235 0.0395251622442179
0.0753058139118366 0.0404771254900298 0.0374526329047807 0.0349887150672118
0.0624686341558117 0.0545930392606076 0.0392357680236447 0.0516566593252981
0.0674895583128091 0.0396484707930402 0.0371821379429638 0.0334433969980957
0.0652969621442026 0.0408711314941348 0.0376418712034945 0.038773754419085
0.0602639372838894 0.0401933510422676 0.0374226767487607 0.034547842253999
0.0603279629489407 0.033943014883797 0.0365412409948222 0.0305806613751663
0.0735930999537231 0.0481926238955863 0.0383199506126905 0.0465289679910868
0.0798374383244664 0.0412032702251725 0.0376780384789655 0.034874287057597
0.0562727213604376 0.0602401047160941 0.0404385240816911 0.0526578008838721
0.0951429608365288 0.0767344306794724 0.0444814894565232 0.0660713440326757
0.0686850059457356 0.0537807784463639 0.0397951860544635 0.0510814465082732
0.0884663978969911 0.0549058801947789 0.0390868864512237 0.0519628086823953
0.0724083505105227 0.042557573062429 0.0378660304942983 0.0373716762298095
0.0684572487749392 0.05125056567203 0.038954724489331 0.0482444538444872
0.0593108837754698 0.0442283031533323 0.038044260004813 0.0424072421297117
0.096111167469644 0.0428071241045074 0.0384048935077601 0.0404894752725463
0.0622930212906795 0.044008426448322 0.0387854322215952 0.037759640297256
0.089466983510647 0.0488943529227144 0.0397507167674553 0.0477078168544764
0.0793063563207397 0.0359480747118711 0.0358340226679797 0.0311818372733503
0.0528192279976793 0.0515885302943828 0.0388722134022279 0.0471797531815384
0.0811275521758944 0.0512201625944914 0.0404815955122066 0.0469770934739411
0.0919443733990192 0.0518925521954749 0.0393099467448467 0.0482642892879296
0.0977192575926892 0.0611269344203539 0.0448648160988632 0.0549465358086918
0.0793777470214991 0.0426728734767088 0.0378895297978239 0.0390263634256263
0.0534280809893971 0.0334099555154145 0.0365157397524058 0.0332940128001101
0.0607532144960714 0.0451673687682942 0.038080583980564 0.04455540535844
0.0577522221399704 0.0314035348978653 0.0341402246837452 0.0271981970733913
0.0839985802653246 0.0696701721351684 0.0428469704544468 0.0562886099820315
0.0709433508018265 0.039549640547905 0.0374551597407661 0.0336565418637916
0.0917525171273155 0.0432201661045805 0.0381423568226841 0.0382951861994477
0.0510336357547203 0.0436513216756147 0.0378312215927948 0.0431326524176221
0.0686736117873807 0.0357285582882842 0.0361513297193295 0.0342127472505014
0.0750599109742325 0.0432032284825619 0.0384212617118469 0.0391056982406899
0.0583647621329874 0.0318511246753056 0.0339331944646521 0.0270532567631179
0.0552655818697531 0.0533415185895696 0.0396005384453192 0.0453202119303846
0.0700178787577897 0.0481863887354762 0.0388912827912653 0.04140580622871
0.0766087345517008 0.0323472850887762 0.0335699032978114 0.0340588111044053
0.0542255830951035 0.0315726148763241 0.0328075700467039 0.0305158500935483
0.0600670988700586 0.0795587642543624 0.0410900154157351 0.0649823717713061
0.0769386206928175 0.0400868879364906 0.0375493495059068 0.0356527287596193
0.0564459322486073 0.0357904201041931 0.0367576093201556 0.032211808652491
0.0994141593982931 0.0791698444430687 0.0441799561701433 0.0636539661662129
0.0676154198823497 0.0291339906487153 0.0325609272695235 0.0223243904263365
0.0501566741266288 0.0330595561295806 0.0367677587914844 0.0255300514593372
0.0634860405058134 0.0418121199130416 0.0377244461149539 0.0378006059110964
0.0740037297218805 0.0336228372681723 0.0351401573039932 0.0273506102643964
0.0674164337833645 0.0351015045377743 0.0361333414006573 0.030549450786257
0.0985279524466023 0.0483049641163251 0.0396868225246999 0.045330172088772
0.0791333116649184 0.0583071086310134 0.0434703618034787 0.0559804522962695
0.0556670350604691 0.0503567290373859 0.0402390846752601 0.0502426291687721
0.0766438695864053 0.0352102815998235 0.034782251119638 0.0302073463552164
0.0653926482889801 0.0455995993403929 0.0401343178477126 0.0426048815651164
0.0567301389819477 0.0410289048858954 0.0374878011546693 0.0391638793371026
0.0535425543785095 0.0399083562906852 0.0374073086544372 0.0316517485097153
0.0524967114906758 0.0334645228145686 0.034348692737247 0.0328557452037936
0.0961968913994497 0.0473025942619291 0.0390507087629973 0.0424129546978919
0.0689813389035407 0.0426209361160405 0.0381267864995423 0.0393394594260777
0.0877141415694496 0.0511548728685767 0.0389943501260456 0.0467712496212749
0.0534315192169743 0.0553962083880185 0.039049939068855 0.0477288233051718
0.0742446610936895 0.0382523769069785 0.0362860077061659 0.0370757509299352
0.0745799809403252 0.0412387794867853 0.0376325249964078 0.0382674472683652
0.0683746731432621 0.0378557251182089 0.0365244412999024 0.0363333837380321
0.0624474865500815 0.041397116327581 0.037654169057409 0.0405293023720513
0.05216170916392 0.0385925535994498 0.0372609432820325 0.0389228952774382
0.0785776898119366 0.0526936405612484 0.0387798598314346 0.0514278077411049
0.0525043326575542 0.0335691063046865 0.0361512389070663 0.0326638717795349
0.0656847803737037 0.057426500697696 0.0393447537860803 0.0537100674489942
0.0715815439180005 0.0452937642810017 0.0383867080884392 0.0411433822160653
0.0737940507213352 0.0379901987825982 0.0372262333053013 0.0348143581465762
0.0762695485958829 0.0404565336823973 0.0379123170373803 0.0328733574192728
0.0664555455121445 0.0513374967662065 0.0389387508408591 0.0530071894986411
0.084893588104751 0.0501254412378973 0.0387660799122876 0.0469930745657286
0.0621102395118214 0.0410215297291099 0.0376437614194886 0.0388716739798023
0.0923566158278845 0.0364814342761465 0.0360820227383901 0.0249959338696003
0.0546616583684227 0.045185504802905 0.0383135765889551 0.0421399475980745
0.0536292694945587 0.0456529139594544 0.03799333561623 0.0450107497146018
0.0875974857772235 0.0432293299846892 0.0386007353524255 0.0397052507295238
0.0620548494218383 0.0713247657056353 0.0400760311273894 0.0740086869945512
0.0761804864538135 0.0408387198074468 0.0376229763345764 0.0394882777987471
0.0569493964605499 0.0579515711206946 0.039922749967929 0.0487900495478734
0.0552357754670083 0.0353921791232822 0.0366585831692198 0.0328910993786678
0.0568557747697923 0.0453698185382149 0.0379903721479494 0.0444004789179707
0.0870823761040811 0.0377696439665139 0.0368828018684365 0.0325746611599344
0.0848260538565228 0.0423377064370002 0.0380571301069479 0.0355764915549003
0.0882004585582763 0.0582561145748268 0.0401009513744916 0.0564422446991076
0.050600657047471 0.0478843424817412 0.0382740029360986 0.0494900672527539
0.0537042635056423 0.0614893462213148 0.0420439535032204 0.0582772049259682
0.0593635732220719 0.040341220743441 0.0375705641778393 0.038868316650403
0.0823377390770474 0.0450039173825682 0.0387629975737674 0.0461295047294033
0.0967505959473783 0.0486413586087974 0.0390421794551284 0.042889192705705
0.0795861272024922 0.0423190616382311 0.0378313686783025 0.0413092102511463
0.0959913199243601 0.0627331189219462 0.040964269038636 0.0661825939153779
0.0814504701236729 0.0429319717616868 0.0379583962895793 0.0403867239901586
0.0818440559029114 0.0451026624928809 0.0474054794786624 0.0426318318253092
0.0648641733510885 0.0346086732441534 0.0362503132349361 0.0309663729086133
0.0763394344685366 0.0438164745952559 0.0385323966819174 0.0397577213680429
0.0534227555763209 0.0287824217839715 0.0323773336164436 0.0295274976299217
0.077842100863927 0.0392643096773061 0.0369239531950854 0.0373821060778116
0.0717847858410096 0.0460809372872629 0.0383108404274097 0.0451155596647073
0.0606466947385343 0.0360233843284519 0.0365896390231402 0.0348234359461623
0.0667826031742152 0.0353824668214288 0.0368712860268035 0.0300391157104812
0.0976497159106657 0.0363875805689479 0.035062950597161 0.0249942984867668
0.0578004798735492 0.0476818178109225 0.0382111173345159 0.0469844950652485
0.050552833173424 0.0297884599271968 0.0355349594959706 0.0265311205382392
0.0636285110551398 0.0514546467189771 0.0390320528569714 0.0488040640388946
0.0665994519134984 0.0591594918825095 0.0394725820468349 0.0472191071869675
0.0885246040503262 0.0521448112781778 0.0418818949799854 0.0444596487952675
0.099003290742985 0.0531789233938629 0.0392379773005451 0.0501948121312514
0.0662304229976144 0.0524480655536877 0.0397284398103592 0.0547668160439076
0.0971745024609845 0.037491907231741 0.0352757475251208 0.0254307284016749
0.0832899106113473 0.0552883118667591 0.0418736437250419 0.0493825543146424
0.0700224783126032 0.0400278644099624 0.0374415124006653 0.0369533924690336
0.0548824075696757 0.0512239268954588 0.0397339508841325 0.0489632754298709
0.0688051597448066 0.0435755593344148 0.0396452940365939 0.0399439809178975
0.0672305140527897 0.0468368253927672 0.0385336884707061 0.0448012713661796
0.0666689264588058 0.0423271565972721 0.0379191122995857 0.0385743090140527
0.0839838970976416 0.0394782932671559 0.0371868878106814 0.0327224947396203
0.0557047017471632 0.0581058727964684 0.0390619237101406 0.0543164401734739
0.0774386965698795 0.0422813901869717 0.0380021381382319 0.0390870851140112
0.0522546762716957 0.0681177981949132 0.0406799827152428 0.0649551179043133
0.0665258815686684 0.0330141463240918 0.035009023683788 0.0278633763133932
0.0507235623023007 0.0338495131531506 0.0363929252705055 0.0287928272499093
0.0501657251676079 0.0512696913494949 0.0387637561502338 0.0464804608348002
0.0513378388830461 0.0471214802579045 0.0381987571235319 0.0465843537310121
0.0605035194836091 0.0313004846613646 0.0340998348174534 0.022123355813082
0.0895502976462012 0.0478284488413751 0.0453630022866137 0.0404920995025987
0.0805448050203268 0.0516969289700749 0.0387484084817944 0.0528801338133008
0.0805589630501345 0.0363448511997031 0.0348834169227085 0.0286117786307246
0.0674519748572493 0.0390243806062235 0.0367321344440546 0.0324064828880988
0.0882086503872415 0.0405718086507552 0.0375218179680719 0.0352660162360032
0.0639413097524084 0.0968692837986379 0.0466583091351854 0.0797329427564961
0.0915770730236545 0.0504671437257575 0.0403073177312822 0.0487637132580918
0.0700103176000994 0.037400274050012 0.0369261527852537 0.0331402369670908
0.0549253419594606 0.0322591942216176 0.0366295422387016 0.0299844050706404
0.0855508027540054 0.048006024144727 0.0391813285928645 0.0441107509672134
0.0518860901822336 0.0528116303046219 0.0386516463774199 0.0507890094626828
0.0889609904057579 0.0413072086113891 0.0377865573360139 0.037192903819548
0.0973889313841937 0.0483686411960783 0.0400432998029948 0.0433387906777062
0.0689929903426673 0.0577430272817387 0.0394316608190186 0.0597883004340915
0.0674546214693692 0.0650056724070135 0.0439438067829456 0.0593630988741143
0.0677063338021981 0.0393698919027409 0.0374836429456587 0.0358118297994293
0.0959391195181524 0.0498272618943988 0.0407952171910716 0.0445366584459993
0.0645532611495582 0.0394793730057475 0.0371847102581001 0.0351079451507033
0.0675854888628237 0.0381856232906961 0.0359765239508461 0.0388920160912407
0.0623387227708008 0.0289526830777112 0.0341184228503813 0.0259778951425587
0.0547718432848342 0.0465018898286158 0.0400274216310631 0.0510595314661278
0.0683343497279566 0.0440673749169699 0.0379694169024945 0.0419855194584751
0.0696956553991186 0.0460766538928414 0.0391070028064632 0.044200138817631
0.0504882642067969 0.0382572221245655 0.0371065930026136 0.0396222099840863
0.0684910118754487 0.0626287958640478 0.0399463668188892 0.0575406681697209
0.0854333362629404 0.0519492748024342 0.0388479182445414 0.048785279627549
0.0593271331599681 0.057625268312089 0.0408627059451958 0.0619249370882699
0.0519051271199714 0.0364028029016789 0.0370480195180319 0.0323428395724543
0.0707453765819082 0.0527513423020333 0.0391645238936145 0.0496091989727596
0.0628553807269782 0.0455067177807162 0.0389553438532351 0.0436646563833975
0.0743248342885636 0.0452765096668184 0.039036534475376 0.044395040433003
0.0719020552904112 0.0462739770068983 0.0384449485057088 0.0459686165554521
0.0936493321467424 0.0421070218361877 0.0395275734472371 0.036956303733667
0.055428031340125 0.0387396507198491 0.0369867098121931 0.0368148912327899
0.0848111814644653 0.0430059338034014 0.0379941822330619 0.0389363999044552
0.0521970582543872 0.0373991913061717 0.0373463046207409 0.0365117894584221
0.0577524918364361 0.0367790614352534 0.0367060808639176 0.0307317118568854
0.0731092129921308 0.0524426267074551 0.0392187236920625 0.0521710274153383
0.0500479586306028 0.0245506707887397 0.0276439016058161 0.0194647408903264
0.0901905793580227 0.0413996154486298 0.0377046281841158 0.035692185414521
0.0977518710918957 0.053696995651218 0.0418966527084281 0.0520752826302901
0.0635891135287238 0.0351003424316836 0.0362350086533773 0.0332038940351883
0.0860330694675213 0.0603281431546569 0.0407254805393438 0.0487630701475066
0.0640927237400319 0.0445191705104543 0.0381082660327914 0.0441403768366579
0.0505339316587197 0.0345487712198356 0.0347841384925766 0.0320926701145798
0.057568419285235 0.0304865831392244 0.0342396792712468 0.0272340638087757
0.0574333703320008 0.04146870936634 0.0378041919016006 0.039251248806348
0.0555154971458251 0.0353331258259778 0.0365423193603413 0.035002063209497
0.0938619906839449 0.0637019696786934 0.0432738414611811 0.0587014264427505
0.0929704659065465 0.0563816151126237 0.0415397993114634 0.0529193897270271
0.0930913899384905 0.0411982562285505 0.037668640793727 0.0332461530957796
0.0719218969490612 0.0386425082962774 0.0368346481120314 0.0333688147128641
0.0514544022473274 0.0447760990207534 0.0379947038667592 0.0428177168510387
0.0881335239420878 0.0655834319154932 0.0445908607548888 0.0512645845534901
0.0833870264003053 0.0370364768064298 0.0366224515605481 0.0283310735915916
0.0511324352497468 0.0577591480391809 0.0410382895385053 0.0538561236776658
0.0637278474139748 0.0498050441976929 0.038761063813631 0.0501183274782484
0.0679721230029827 0.060086752324819 0.0394164392569761 0.0558796176384487
0.0638405373116257 0.0406550183968126 0.0375230307841843 0.0389204444818212
0.070847694776603 0.0683357364501506 0.0418713647436615 0.0610353851680467
0.0573744190071011 0.0376913484668455 0.0366015089316381 0.0368943930735454
0.0884493421821389 0.0628057008083665 0.0408165008375416 0.0565292518451031
0.0727629880275344 0.0587430007180248 0.0395204171106101 0.0459625997677482
0.0971220169536537 0.0536253284620991 0.039739019765771 0.0483772878989928
0.070291050238302 0.0434861104806897 0.0379193329849563 0.0405437302307076
0.0770881822129013 0.0389674721601648 0.0369110085744585 0.0389642520018288
0.0538814540836029 0.0648151681195762 0.0404313826690924 0.0591153281014278
0.057620604056865 0.0355812503976772 0.0361706376765686 0.033241682633029
0.0550269326864509 0.0312728439675881 0.0355233556834664 0.0328885132687668
0.073649947278318 0.0475827491027371 0.0398355206052483 0.0419551159696675
0.0592557723488426 0.0328984008896087 0.0355463471638766 0.0279805721609111
0.0783984478854109 0.0517829505624153 0.0415198364912632 0.0459463436177676
0.0734169683884829 0.0437840833672845 0.0380040567927658 0.0415372508919028
0.0512450492737116 0.0335788942656137 0.035529575287038 0.0307348020610065
0.0586663811875042 0.0379216799856839 0.0369287408009915 0.0355138879764728
0.0572803462127922 0.0429351635079236 0.0378566780058604 0.0386245272578991
0.0685756045975722 0.0450478654725239 0.0427218508159512 0.0479324804516247
0.071337013374432 0.0404459832289075 0.03742985596289 0.0374008448407787
0.0804234875948168 0.0378860058235758 0.0368829408376961 0.0236781449249468
0.0577687182289083 0.0431545039737074 0.037910269982776 0.0414301593402311
0.0737852141959593 0.0481459145822052 0.0385562044912308 0.0461805979539886
0.0681876164569985 0.0486874271742278 0.0383768120167123 0.0517790585537042
0.0514157777128276 0.0374107704010487 0.036750471897766 0.0343781353833391
0.0866933114768472 0.0446916296728848 0.0384003237665166 0.04051663411443
0.0613326238992158 0.0365179929262377 0.036354267491333 0.0333276086374393
0.0603392775548855 0.0290823857135282 0.0341981104747491 0.0227225390375168
0.0874585477227811 0.0468542769115372 0.0387582647304842 0.042871580658481
0.0532929338602116 0.0359309270943511 0.0358931980508378 0.0370975087071402
0.0723728947370546 0.0438654554801208 0.0380403323250251 0.0400219461002781
0.0667569580982672 0.0336507512842569 0.0341704037152331 0.0311836181055321
0.0515523783979006 0.0299453576520576 0.0337106149740308 0.0277075976196078
0.0993847456993535 0.0531402736057252 0.0403525082597463 0.0480645016647879
0.051876898430055 0.0330670044753156 0.0362579802505549 0.0307575643921841
0.0814521492313361 0.053123137911324 0.0414089735076455 0.0471828634244939
0.0524943699827418 0.0352767875977206 0.0369161540747487 0.0313790863972793
0.0719289067579666 0.0404235663736727 0.0374084097566501 0.0334984257930273
0.0512279473448871 0.0434972043998673 0.0378156521458754 0.0421458641166016
0.0590067063982133 0.0479196122285046 0.0391201013833186 0.0461487362510555
0.0538729743944714 0.0283044649272093 0.0357985568735162 0.0288153770405192
0.0579830075905193 0.0342022917890495 0.0366261465728115 0.0325825360852754
0.0677501331520034 0.0434941489680565 0.0379448492321139 0.0415366131891573
0.0870740311482223 0.0495827779411221 0.0390140912600653 0.0480801003955318
0.0528541195468279 0.0403393290171053 0.0373969929277839 0.0381880955760271
0.0725046254810877 0.0346499768283305 0.0305816251678447 0.032497006926819
0.0608933065203019 0.0358190822880664 0.0367341057403976 0.031235600454462
0.0982091827201657 0.0488433719739035 0.0399349656305717 0.0444624931485166
0.0649917836941313 0.0564701741146306 0.044296187269905 0.0474165363652285
0.0502850859717 0.0333282857392573 0.0365861915315804 0.0276176735698629
0.0510726582811913 0.0343212620411151 0.0352591220546357 0.0321668360524254
0.0689808029594133 0.0577471929125279 0.0400246728198633 0.0598804802384916
0.0517011041578371 0.0522973852710818 0.038971478620831 0.0391111757812807
0.0676101583871059 0.0373775293329259 0.0366646083172075 0.0335291923567616
0.0699045717541594 0.0574817906719569 0.0399944401718938 0.0541989498378685
0.0825455207756022 0.0361864926936348 0.0357866241944657 0.0298965895396545
0.0850952987588244 0.045747242987557 0.0383810638997379 0.0425373179217087
0.0574932027113391 0.0348492128008434 0.0361691386929036 0.0290234752285673
0.0530042462109123 0.0430085664444358 0.0382514500447965 0.0432193266110786
0.0564038069482194 0.0395843195302421 0.0370490602743925 0.0386166267937912
0.0662830250745174 0.0357538995464253 0.0361370982267871 0.0331362703133065
0.0970984986401163 0.045416960567147 0.0388571863599705 0.042867713407353
0.097346040449338 0.0458347294336674 0.0389857558307839 0.0395683750314904
0.0515616083168425 0.0426935528706175 0.0377576531916341 0.0413376033701299
0.0887456937634852 0.0579729718034817 0.0412291854094675 0.045899824492617
0.0965206324617611 0.0385683738039696 0.0367477720409596 0.0290435990888956
0.0628572991816327 0.0437159410134247 0.0380666475601623 0.0419251923367276
0.0921423703810433 0.0359204332988761 0.0314679759054876 0.0245796830677646
0.085047142879921 0.0447831442932695 0.0384327157523115 0.0398397162964572
0.0647073946340242 0.0529579523520176 0.0388197215543799 0.0501199264807536
0.0502018396626227 0.0323508351086739 0.0367590828964838 0.0307339905600716
0.0533219435892534 0.0540633313367286 0.0409618878238659 0.05364143941526
0.0764533831796143 0.0380140682275928 0.0368907999806471 0.0333947673340816
0.0515628025226761 0.0410247667285113 0.0376416433748592 0.039313234657172
0.0855549298226833 0.0334640737102142 0.0334876493878191 0.0316389399936762
0.0724510241707321 0.039293730777592 0.0372132692115855 0.0340932593301195
0.068790024323971 0.0306420150604404 0.033184699550472 0.0260134085858857
0.0811535552376881 0.0480920590879903 0.039923298863153 0.0423642949730102
0.062819251746987 0.0405425914240878 0.0375744821152531 0.0403733524241796
0.0625993431342067 0.0396965718768074 0.0373247856134437 0.0409391711350174
0.0844735589664197 0.0410452001262858 0.0376079350985046 0.0337228524962276
0.0519976619776571 0.0350386093070751 0.0370226000709547 0.035164419117354
0.051093546077027 0.0276391384957213 0.0293378830635445 0.0214349143574402
0.0799647874780931 0.0531981063198503 0.0396890633479733 0.0476838328414219
0.0634175649640383 0.0666785895595433 0.0401302517368324 0.0627183241416209
0.0558574035181664 0.0437874111711622 0.0381007047699892 0.0403411730715898
0.0808431782905245 0.0411599173439011 0.0376578774095567 0.0403209266503036
0.0665430573018966 0.0370833950200313 0.0370394761705512 0.0314957551285032
0.0531662029621657 0.0528119478994342 0.0395073770079224 0.0513923428855415
0.054322588982177 0.0438730796876102 0.0379042364215603 0.0431320120225322
0.0913006350659998 0.0417415386444835 0.037786858247752 0.0341171468055509
0.0514799932920141 0.0331028140817322 0.0366788328144141 0.0305554536527449
0.0613157254498219 0.0341867197540329 0.0352944823935774 0.0313528842467405
0.0762049676734023 0.0440646980580022 0.0379963017443508 0.0407820046870641
0.0870789716747822 0.0504006651124083 0.0399381377399973 0.0491910859485143
0.0527154288865859 0.0291223987472087 0.030880727010579 0.0212875507069244
0.086303872539429 0.0450910120669552 0.0388225802304133 0.0394282738686233
0.0582375132245943 0.0781484959507209 0.0419737243703468 0.0693168718961098
0.0944493185408646 0.0487544136079057 0.0393321368660454 0.0422906557464791
0.0668758388288552 0.0560880102150928 0.039921094295267 0.0484649308119532
0.0568917156750103 0.032247851073884 0.0357211440344634 0.0349382389176167
0.0549280805396847 0.0378346778659325 0.0369086926995363 0.0337411734903043
0.0803508111799602 0.0514378668849005 0.046328133490474 0.0521263303601636
0.0725584137166152 0.0502275055092194 0.0447862232600926 0.0463407100921957
0.0519593457662268 0.0516817414200772 0.0393069281865168 0.0503213123572131
0.0539118477026932 0.0409678911729995 0.0376312598793537 0.0433926651591
0.0719185683934484 0.0355080100795099 0.0359043269848483 0.0312861471412419
0.0516374732658733 0.0294240278247329 0.0328367412286845 0.0260031970537687
0.0781936415849486 0.0459066090564367 0.0382873940484978 0.0415768484765335
0.0643193165946286 0.050153000566056 0.0387918937238537 0.0463555507562783
0.0607194472569972 0.0379058588348217 0.0366332503460805 0.0343019410114942
0.053102460099035 0.0291346579896524 0.035812385991927 0.0278259134985261
0.0622907558863517 0.0453560134244968 0.0380442893719674 0.0427983403862736
0.0863808447844349 0.0538276125653178 0.0431781669403363 0.0429089540248563
0.0888723451091209 0.0698775943386901 0.0416478693529407 0.0571840301208155
0.0946766933542676 0.0509584493550281 0.0391475161429155 0.0473093733788321
0.0745898518769536 0.0661807632678902 0.0411372474211516 0.0663799375979535
0.0713962562382221 0.0475182704324473 0.0393105561166205 0.0491845595342685
0.0588830405671615 0.0326371840666242 0.0363727460210919 0.0306761130332987
0.0727351021487266 0.0439497392286223 0.0381560895141776 0.0393146896169084
0.0677687930205138 0.0471862855725151 0.0383488688365683 0.0460288007384471
0.092955290939426 0.0438925020431422 0.038286596546141 0.0374276142211851
0.0715030606370419 0.04867351442722 0.0388539279875406 0.0462708316915443
0.060442856172449 0.0460291077128048 0.0381371823575926 0.0477485876328248
0.0922841831285041 0.0392076958615945 0.0370755458889953 0.0350395989202004
0.0598280625010375 0.0775783454576846 0.0423761600298436 0.0773257800312079
0.0594774044438964 0.0491444132633436 0.0383590801394674 0.0491107852773564
0.054900252140942 0.027435811950665 0.0336686891399188 0.0174423145456947
0.0695625869790092 0.0576236806163994 0.0398868044127339 0.0539834674397595
0.0851774821465369 0.05023959093843 0.0394908706262662 0.0476508969872982
0.0606466135766823 0.0559620782397423 0.0388465162327918 0.0583696205285996
0.0696298701543128 0.0674202677173195 0.0409391302840696 0.0551659006646583
0.0820838719315361 0.0433046723888583 0.0382857625978687 0.0381460924798936
0.0566403107455699 0.0326937985649994 0.0359014537300416 0.0263242469273552
0.0987189159379341 0.0871309822373313 0.0457033046719509 0.0735721237062999
0.0639477111923043 0.0499782032622793 0.0387071412300832 0.0486691277207561
0.088550971535733 0.0985682673121078 0.053278806859701 0.073541190825104
0.0614094306016341 0.0325509970520433 0.0365345059136139 0.0266497801351684
0.0933854069095105 0.047303212033177 0.0396095251441184 0.0428138353212733
0.0686953815573361 0.0429274250380852 0.0378518824740201 0.0400381664988547
0.0607991594617488 0.03654197124622 0.0364560208463747 0.0343500755955034
0.0524664675496751 0.0454910890830587 0.0400275400561676 0.045816823047093
0.0523619343031896 0.0321945605923077 0.035905826927946 0.0288807676077436
0.0572316582984058 0.0393106871077102 0.0373828313112123 0.0339688508389909
0.0734372514940333 0.0491390202280181 0.0384581538015861 0.0470405824192254
0.0591529313154752 0.0372269803811438 0.0369979736767879 0.0354234023431512
0.0654891090351157 0.032113588429479 0.03440413422224 0.0283416597510328
0.0940705794026144 0.0437466569931709 0.0401312170396598 0.0424538644236387
0.0674931945017306 0.0454505781330898 0.0388530201326827 0.0412095335576624
0.101155746512813 0.0496899570295446 0.0392007565308445 0.0464836239592952
0.136084228672553 0.0501988328535759 0.0484716126638788 0.0437717051664593
0.107161433630972 0.0508700928815926 0.0401667188129428 0.0460085575247205
0.100166243055719 0.0437536696785687 0.041840543495976 0.0370654181032614
0.11222088575596 0.0485824500392668 0.0395676787352914 0.0425291049878873
0.143482332202257 0.0563829819650615 0.0449995020823197 0.0510695334405094
0.110294166157837 0.0496102542767426 0.0417178937684159 0.0415867454961217
0.125788103265222 0.0592337803173514 0.0407811256307443 0.0561798989482662
0.142798975619371 0.0474365162958489 0.0408737739188793 0.0487995180103914
0.140235716721509 0.0525975668469955 0.0478099962702383 0.0460207376453139
0.132559095835313 0.0612776054061298 0.0414098600059772 0.0568528265332883
0.113594618387287 0.0443477104101862 0.0385457804596904 0.0379810036289226
0.116200218710583 0.0634251515131183 0.0444116708359846 0.059520935396303
0.108456266365829 0.0410995169202136 0.0377654915532662 0.0319507126919575
0.137002454319736 0.0504921578690487 0.050090298601157 0.0474384940585894
0.111375666689128 0.049798912889482 0.0393001392566837 0.0455180045615625
0.117874899719027 0.049070177627868 0.040225083417828 0.0457993695474005
0.121155366129824 0.0507174486862056 0.0417772791604449 0.0419772239686897
0.110360709219822 0.0565543287192403 0.0407168230770364 0.0513697964753606
0.107828308150056 0.0418711081598246 0.0381135858433073 0.0364424282931158
0.105823814115138 0.0547005274096394 0.0398103353674027 0.0498497838364035
0.111949546969845 0.0687183981173595 0.0447424958078882 0.0553029782254177
0.100463202546234 0.0465162653196117 0.0386398617755089 0.0419717457575542
0.100691271488904 0.0566875412537606 0.0436145374502376 0.0476791637381371
0.101763000179199 0.0424208423968404 0.0393698716967001 0.0381212475687548
0.110394076857483 0.0606652696939106 0.0464110096577317 0.0555349074455653
0.104464872714016 0.0381229831272304 0.036252278958829 0.0259216935134149
0.103204250274575 0.0487934666029982 0.0389827152662633 0.0428700741912904
0.116214574701735 0.0504813910011198 0.0395927419160598 0.0493528648950295
0.119338394369697 0.0773682329750332 0.0524909853990699 0.0669854225834315
0.108034310265793 0.0540655863837523 0.0410558449238019 0.0499953103910831
0.132887718794518 0.0493942447263014 0.0417366591378394 0.0439833920251064
0.121284819973516 0.0650381638630226 0.0465684685682019 0.0600942901635218
0.135939095646609 0.0494685877244479 0.0409251835918015 0.0494235291180697
0.1457114153367 0.0709145424623585 0.0439931188832566 0.070661264026343
0.130589658662211 0.0757577414431564 0.0511500688563266 0.0766566311256037
0.101867481003865 0.0546584555184896 0.0417939612582542 0.051766987313269
0.128339657612378 0.0506025788227946 0.0403590849920872 0.04590682052893
0.139152703774744 0.055599287939598 0.0412036728323871 0.053230614440722
0.106331996520748 0.0544958384744726 0.0406760794299417 0.0487272573549771
0.123115254484583 0.0470990523043849 0.0407617742335678 0.0371288432733146
0.105053662633873 0.0525209863103723 0.0402632708611099 0.0455788024623603
0.133174272553879 0.0705133478157805 0.0468115873065436 0.0570768787627099
0.105403493437916 0.0514836717796313 0.0399404064917144 0.0484101328586093
0.140229458292015 0.0647017099831132 0.0420026673771097 0.0618503603441038
0.121340059695649 0.0494004506434189 0.0395400697586441 0.0442747459526531
0.138270842315978 0.0749043996715595 0.0485926811903007 0.060342952013549
0.126034085755236 0.0558413572112733 0.0409089254389439 0.0509451758435157
0.115638457756722 0.0502221319912888 0.0450437489897118 0.043606695958556
0.12928391782043 0.0507821931013284 0.0396235258337316 0.044563274385903
0.116930262901587 0.0456890794685863 0.0411310622636338 0.0395779860393928
0.107254346247646 0.0499442777774667 0.040384182950118 0.0437585277861687
0.113038216874702 0.0480541097081267 0.0468972143609062 0.0423881558133089
0.112435989265214 0.0465612595708285 0.0396033795754413 0.044235274665689
0.103961348722805 0.0624745722309165 0.0410321037591617 0.0541766343844411
0.14552564091573 0.0785613593985661 0.0615935398591929 0.0621180987136621
0.122456601224258 0.0486861408510645 0.0397810688410503 0.0459078844919208
0.125964062390267 0.0526106137824283 0.040102075812191 0.0470675367473936
0.108141329410137 0.05396058371919 0.0487672703022796 0.0518510639411048
0.110740868805442 0.0395048949713588 0.0367046952868409 0.0303721597119529
0.131149270551396 0.0710513700235579 0.0422118990681622 0.0637043332410909
0.122696389202611 0.0701302384193808 0.0462784814602673 0.0604763088793384
0.127599645688315 0.0468176872945624 0.0419314633065476 0.0444917309700303
0.109881185684935 0.0479034532354192 0.0416912519392013 0.0420538283122523
0.110947517227032 0.0528107625698413 0.0423647395714539 0.051053513448838
0.137839896563673 0.0895236655091272 0.0441807807601502 0.0973846206660361
0.135795986378798 0.0513873014121966 0.0404503887802666 0.0476438190511706
0.102497659559594 0.0748560428565872 0.0517380850804342 0.0588350457737513
0.136110537758213 0.0715514223880684 0.0505060629241509 0.06192781487921
0.130449878639774 0.072325490598275 0.0437733932765157 0.0645952354223255
0.127688108888106 0.0566835535338391 0.0419154025390177 0.0533153993366254
0.107547359386808 0.0565969424341704 0.0397915053954839 0.0556517747132913
0.114713626270532 0.0438089164913106 0.0384287022649199 0.0354899493734397
0.109387800257537 0.0605561382811495 0.0406979530219137 0.0555447299881474
0.111866612202721 0.0461258258521199 0.0391451891089188 0.0435067577688912
0.10397869804583 0.0460268567979302 0.0402696860847327 0.0454705769732188
0.123444866330829 0.0468098368646171 0.0402817681133198 0.0486837186807839
0.101896334387129 0.0766418857852807 0.0435255185819568 0.0555578416102104
0.103055364260217 0.0475243935303511 0.0457369203401983 0.0421103639123785
0.102124772121897 0.060736682846144 0.0425841974600248 0.0616394959953194
0.103457508131396 0.0502810751994902 0.0396972769562062 0.0444490018850882
0.1345302134956 0.0734881882611447 0.0491565122170258 0.0593150026694165
0.11954897097894 0.0450183566199731 0.0390866804360993 0.0424836438338508
0.122206118275062 0.0528699736851235 0.0426638666448434 0.0494946800197745
0.112504196949885 0.0629542536948753 0.0401421788231536 0.0683361192079635
0.133789676663582 0.0687861382183151 0.0444637500232854 0.0627946908931202
0.142991700069979 0.0533492864467906 0.0409646213269812 0.0468059499979647
0.135161606030306 0.0587537808106017 0.05405446626404 0.0523817186953683
0.126411040712264 0.0571818595679617 0.0481061622286935 0.048954570641127
0.145028462723712 0.0503623458079194 0.0396765600902267 0.0577293761476568
0.129973307510954 0.0546112236012037 0.0410504719531797 0.0477020617254596
0.109278953247122 0.0501505469815049 0.0392583230530871 0.0522229965283629
0.118910416198196 0.0507961753735893 0.0403343167628876 0.0448984487236452
0.115587989109918 0.0689185396998325 0.0555465582111945 0.0528227991316969
0.135644903936191 0.0576785360153038 0.0420405573448437 0.0537936914662381
0.101625079062069 0.0488360090518913 0.0407702526442809 0.0426716572327388
0.103339945533662 0.05290868488348 0.0413980385177071 0.0524732920777001
0.121873991790926 0.0602193410490124 0.0411787901000698 0.0577466704651288
0.134589952987153 0.0582001584652802 0.0400946520233981 0.0639039462089505
0.136438795833965 0.0509467576803594 0.0417108154867548 0.04778749778185
0.101550335204229 0.0442581697351089 0.0384183472382098 0.036309976343273
0.135373070361675 0.0612056678235939 0.0454551046599854 0.0550087334230178
0.107020672998624 0.0719242343584936 0.0423996967633139 0.0600119200539817
0.103452792696771 0.0557895525607682 0.0418952048579858 0.0490742242207115
0.121589529616176 0.0622346773173493 0.0500367700801487 0.0643010146573124
0.124875389726367 0.0541416521007122 0.0593445732038635 0.0605477852751784
0.161111657638685 0.0574294225307071 0.0515678938241877 0.0573167253791223
0.164564999483991 0.0742317210588764 0.0482589467836452 0.0689927255043515
0.177650189166889 0.0801434980053127 0.0827202975912487 0.0727707203661274
0.181404991881573 0.0651892648362927 0.0446263068337347 0.0614768201043393
0.174432675383287 0.0701213507303224 0.0470691280845976 0.0673449766712708
0.162688717493438 0.0731407812185631 0.0510845656913638 0.0738059239282419
0.175238710059784 0.0631043683643361 0.0432221208722673 0.0665309669661599
0.156685234620818 0.0596287891840417 0.0414096260415852 0.0553083769763784
0.154937173181679 0.0580659092237924 0.0475974847355647 0.0535619469249452
0.151453808808583 0.0605498320958497 0.0438669670664656 0.0679324082216301
0.150776796185528 0.0512716868259016 0.0415641943715462 0.0549449812092925
0.152647804035223 0.0601316211269166 0.0498406329423072 0.0592854663602841
0.158917301200563 0.0665927413151299 0.0527690710484496 0.0617347286628681
0.174168385952362 0.0659018771449133 0.0417896296843853 0.0689107775051962
0.157786629462498 0.0804403041083109 0.0434657294365733 0.080388402377839
