35 0.0163989845605101
37 0.0197424700454576
43 0.0494631449517328
77 0.0202861794998171
80 0.0140509222896071
92 0.0127359103731578
110 0.0147445540089393
117 0.0138635830313433
158 0.0412222461745841
234 0.0298289707134245
255 0.0336821006669197
288 0.0309538190311287
290 0.0417925833840855
300 0.0446110149146989
332 0.0148483804805437
401 0.0349162611237261
436 0.0287425839167554
472 0.0139159747312078
500 0.0448990286677144
527 0.0441442641400499
537 0.0159243576374138
574 0.0128999803215265
577 0.0295756774488837
578 0.0389012779371114
764 0.0213703413581243
776 0.0233714279747801
794 0.0334313484810991
819 0.0402696761884727
828 0.0237511500221444
833 0.0266256305942079
840 0.0160465138120344
856 0.0489622349239653
873 0.0314217628620099
902 0.0489419391728006
904 0.0238930099032586
937 0.0285403867514106
947 0.0193345268955454
963 0.0392788053955883
982 0.042497325540171
1000 0.0198248040309409
1006 0.034449479309842
1050 0.0237952712603146
1059 0.040792831001454
1061 0.0476387343514943
1086 0.0370044176233932
1092 0.0449336682242574
1131 0.0345519023481757
1134 0.0181353366206167
1147 0.0358871431089938
1152 0.0214466893696226
1176 0.0253751368320081
1197 0.0273066654423019
1219 0.0397508390480652
1221 0.0431457813770976
1232 0.0403437535074772
1285 0.0390832791366847
1293 0.0137566215969855
1395 0.0264843960962025
1398 0.0140146755904425
1458 0.0344676085223909
1487 0.0494850977382157
1489 0.0244738280278398
1503 0.0377809286990669
1509 0.0237277947220719
1512 0.0171959297993453
1593 0.0232882685755612
1598 0.0331600814301055
1629 0.026004107616609
1634 0.0204294115450466
1641 0.0177607500721933
1644 0.0351319628854981
1652 0.0266377087653382
1655 0.030901170510333
1669 0.0343995013128733
1678 0.0160972057114122
1698 0.0390800643916009
1796 0.0327121029549744
1811 0.0140249934920575
1871 0.0403170466597658
1879 0.0286344754102174
1893 0.0268310024985112
1900 0.0399450317694573
1935 0.0392037601122865
1959 0.0128688100317959
2015 0.0141818409552798
2042 0.0220091485913144
2087 0.016767637556768
2090 0.0406397558399476
2129 0.0177610170096159
2155 0.0332446955348132
2176 0.0183225816115737
2208 0.0316444725933252
2252 0.0352402560180053
2268 0.0458667756902287
2274 0.0341527304262854
2291 0.0448326854064362
2319 0.0253032701963093
2333 0.03930190410465
2350 0.0489219853130635
2364 0.0454934185254388
2379 0.0319005306489999
2380 0.0416429887554841
2413 0.0199796098022489
2435 0.0331145894073416
2449 0.0194701807689853
2496 0.0322450043109711
2522 0.0397174150799401
2540 0.0203758086252492
2549 0.0372243032441475
2594 0.0470825356285786
2598 0.0496166105178418
2604 0.0206284820247674
2620 0.0492374618916074
2627 0.0405058049858781
2693 0.018050765740918
2739 0.0425016337860143
2779 0.0494721389724873
2848 0.0187518765364075
2886 0.0338758517114911
2891 0.0171806283760816
2948 0.037050788171473
2963 0.0495181455567945
2967 0.0232945750583895
2992 0.0207008351717377
3019 0.0297780008404516
3040 0.0338798718672479
3056 0.0322371902409941
3057 0.0216400582867209
3060 0.0382699621957727
3085 0.0237267304211855
3086 0.0322467031917768
3099 0.0169231300998945
3190 0.0330586166994181
3234 0.0471455314807827
3260 0.0201020264765248
3278 0.0396745464473497
3337 0.0388526272698073
3343 0.0302056545944652
3424 0.0350803487759549
3426 0.0171815087407595
3461 0.0278148970508482
3467 0.027224854065571
3544 0.0399705156713026
3545 0.0249796001793584
3548 0.0444397647865117
3558 0.0276216766622383
3593 0.0405444837815594
3609 0.0230057834851323
3671 0.0459542304597562
3731 0.0368432398419827
3762 0.0278228513721842
3773 0.0433399839850608
3823 0.0292973854142474
3869 0.0488687790057156
3873 0.0377860970766051
3954 0.0483883836132009
3957 0.0452428247546777
3961 0.0484213399235159
3967 0.0217580370401265
4007 0.0346106646786211
4008 0.0441704607947031
4026 0.0410166641231626
4064 0.0128777920966968
4066 0.0481151268322719
4129 0.0152841534087202
4141 0.0209778660937445
4169 0.025258923866204
4173 0.0227411225030664
4191 0.0432255282998085
4195 0.0492959416500526
4240 0.0478083088208223
4261 0.0494664470665157
4281 0.018831495163613
4290 0.0396255285973894
4371 0.0148092871386325
4383 0.0497349886427401
4406 0.0437242867337773
4456 0.0168065287987702
4465 0.0349430817819666
4506 0.037155403959332
4532 0.0166002574464073
4534 0.0358738854469266
4535 0.0499863227567403
4537 0.0316652284149313
4544 0.0415008552692598
4561 0.0266855542518897
4652 0.0417053592245793
4666 0.0198537562799174
4682 0.0228905796393519
4689 0.0202359945746139
4734 0.0264793854439631
4766 0.0477599782025209
4777 0.0302468829759164
4802 0.0352160479436861
4917 0.0203903986752266
4929 0.0465161392523441
4937 0.0415025373658864
4949 0.0471271415386582
4961 0.0327894076646771
4962 0.0137407423841069
5010 0.0367260825936683
5014 0.0394938019919209
5016 0.0358932040369837
5021 0.0414316386944847
5030 0.049179108129465
5061 0.0220207269157982
5067 0.0148059259343427
5084 0.0426583614607807
5091 0.0474527828919236
5133 0.0190632182289846
5135 0.043869539318257
5139 0.0431303242978174
5190 0.0239164031401742
5202 0.0214944325416582
5232 0.0365537086152472
5238 0.0455125120235607
5263 0.0376034488814184
5287 0.0131795854307711
5323 0.0223552574461792
5325 0.0263430385908578
5331 0.0355082607304212
5339 0.0431218115001684
5351 0.0369567335408647
5363 0.0397719197469996
5386 0.0152658062317641
5408 0.0238067734811921
5425 0.0264967966155382
5472 0.0321568682877114
5512 0.044708457190427
5515 0.0306971355923451
5542 0.0242490460252156
5553 0.0158726462716004
5554 0.0209528641047655
5580 0.0255267614265904
5589 0.0451028870069422
5609 0.0187044879014138
5662 0.0498199292342179
5717 0.0472353371849749
5732 0.0169547027500812
5739 0.0350248637289042
5796 0.0268731351563474
5833 0.0365611966582946
5847 0.0132239650993142
5875 0.0139788668893743
5877 0.0253538264427334
5885 0.0406316228705691
5886 0.0340068073943257
5901 0.0498612417664845
5991 0.0278105104021961
6004 0.038025926440605
6035 0.0230414261837723
6167 0.0442191220383393
6203 0.0140531465382082
6234 0.0484830167231848
6243 0.0403076576360036
6251 0.0428980383876478
6302 0.0449287081544753
6311 0.0290565499191871
6321 0.046365963385324
6324 0.0269716920854989
6328 0.0489552115497645
6359 0.0176329192356206
6385 0.0430318207101664
6396 0.0330631684308173
6401 0.0317403861292405
6443 0.0427146960631944
6458 0.0349352612742223
6474 0.0290044127410511
6484 0.0495231718436116
6488 0.0216710901644547
6529 0.0161659583071014
6550 0.0376335201523034
6578 0.0166781454638112
6582 0.0475667824153788
6584 0.036413567388081
6612 0.0371363605838269
6620 0.0487840881076409
6626 0.0424330412148265
6631 0.0388416460482404
6636 0.0130895688896999
6671 0.0452625689271372
6678 0.0446005820529535
6773 0.0190518594783498
6808 0.0481701547978446
6847 0.0221502902015345
6859 0.020247305041994
6870 0.0170819992519682
6896 0.013716464873869
6914 0.039621781356982
6940 0.0344395421561785
6959 0.0202870920533314
6964 0.0372061172412941
6982 0.0224323996022576
6990 0.0181249253713759
7012 0.0246851799282013
7049 0.045568372530397
7053 0.0287599051895086
7067 0.0199574969912646
7080 0.0274184016307117
7086 0.0169974481454119
7096 0.0422371604188811
7099 0.0337918294215342
7114 0.0372059018060099
7128 0.0163879849453224
7175 0.0265906774264295
7183 0.019996826921124
7252 0.0437364920508116
7273 0.0369237238890491
7355 0.0341009132971521
7394 0.0315939719876042
7408 0.0182553648832254
7411 0.0186498885072069
7502 0.0360289215983357
7506 0.019671079114778
7513 0.0264403452136321
7522 0.0194425218214747
7545 0.0205708874593256
7580 0.0181757697078865
7584 0.0394050033384701
7586 0.0274435215687845
7592 0.021334379070322
7612 0.0478042537171859
7641 0.0133370566676604
7698 0.0133867649681633
7701 0.0151511569536524
7713 0.0275735200935742
7741 0.044905048669898
7745 0.0244648342370056
7788 0.0436182757897768
7802 0.0465864353027428
7808 0.0448852277040714
7810 0.0287273047957569
7865 0.0288359908619896
7952 0.0332422294100979
8009 0.0352614017843735
8033 0.0465825903462246
8041 0.0417169035208644
8044 0.0288087699125754
8045 0.0400369897572091
8065 0.0313334288774058
8084 0.0392940084129805
8108 0.0194347822456621
8109 0.0335359980672365
8125 0.0216792518738657
8148 0.038845717246295
8166 0.0174662746401737
8175 0.0223604419181356
8186 0.0276565672917059
8187 0.0362066515692277
8219 0.0155709600803675
8233 0.0276383166812593
8338 0.0423702658561524
8349 0.0138285438733874
8360 0.0316933842201252
8363 0.0424496991676278
8378 0.0433078537782421
8384 0.0480843078606995
8407 0.0491892184130848
8415 0.032706837321166
8423 0.0466515238891589
8440 0.036968558569788
8441 0.0423433953052154
8449 0.0157380688848207
8511 0.0441605183528736
8578 0.0245504730963148
8593 0.0350935333233792
8595 0.0228985215449939
8600 0.0468413030612282
8603 0.0319420894258656
8636 0.0414634366665268
8679 0.020849887188524
8682 0.0139401988999452
8777 0.0196446989837568
8798 0.0439798362058355
8832 0.0354859775485238
8839 0.0248341866506962
8861 0.018425749821472
8868 0.0353922659589443
8926 0.0392925277265022
8948 0.0194086531875655
8992 0.0325802905892488
9069 0.0207094367186073
9084 0.0209487827902194
9115 0.0168664738390362
9125 0.0196747585287085
9174 0.0201343893626472
9184 0.0199208467820426
9199 0.0390425402554683
9239 0.0391904022049857
9270 0.0234062891744543
9281 0.0458611932263011
9298 0.0412553579109954
9327 0.0433999589149607
9349 0.0161254141683457
9366 0.0307938354555517
9418 0.0257682020717766
9427 0.0451119145960547
9435 0.0447241441899678
9451 0.0314668750565033
9486 0.0150290189427324
9549 0.0393673750484595
9551 0.0357062993280124
9567 0.0204016010800842
9586 0.0369902791368077
9589 0.0159187708050013
9610 0.0174266281101154
9613 0.0489813429070637
9669 0.0437229874543846
9689 0.0211059181136079
9721 0.0381144326354843
9772 0.0478471228096169
9820 0.0129788374528289
9845 0.0337340329861036
9901 0.0129276663996279
9943 0.0418993498460623
9986 0.0245272782805841
10021 0.02319552586996
10082 0.0437557409750298
10105 0.0209786423045443
10110 0.0300679224717896
10126 0.0309961887367535
10131 0.0140434117143741
10163 0.0423162849474465
10173 0.0321010314626619
10178 0.0463713892735541
10211 0.0227101115480764
10229 0.0213826597959269
10241 0.0460916988638928
10252 0.0344699316367041
10257 0.0352101946336916
10258 0.0406013235187856
10261 0.0383670756855281
10423 0.0210947881336324
10480 0.0377450468833558
10501 0.0159547717194073
10554 0.0209487793414155
10557 0.0202694888983388
10590 0.0306186661066022
10592 0.0211027472832939
10596 0.0472428059147205
10606 0.0143620563641889
10628 0.0140103526297025
10642 0.0248407957085874
10643 0.0350843372027157
10662 0.0253724994166987
10674 0.031267332090647
10693 0.0230801698169671
10699 0.0150470249180216
10701 0.0296664738794789
10730 0.0174945313803619
10751 0.0431997275678441
10768 0.0157809694763273
10812 0.0281177613534965
10818 0.0141849637322593
10821 0.0379593792400556
10839 0.0455508323735558
10915 0.0384921265562298
10920 0.0326564696093556
10930 0.04918886134692
10940 0.0478134273056639
10992 0.0453017195191933
11016 0.0459798465657514
11024 0.0269862350018229
11101 0.0313296542764874
11110 0.0151458441861905
11142 0.0445138690061867
11148 0.0159290783602046
11166 0.018064219984808
11180 0.0448471156618325
11234 0.0147047306702007
11253 0.0481438061658992
11267 0.046772829128895
11312 0.0217786142136902
11327 0.0402380810061004
11337 0.0196608340978855
11363 0.0438450362562435
11387 0.0432391377398744
11394 0.027551468211459
11439 0.0376991766417632
11459 0.0293871690460946
11464 0.016702003829414
11493 0.0328793018881697
11512 0.0323257610434666
11513 0.0463192688795971
11526 0.0196779031481128
11535 0.0454351284512086
11546 0.0266211062233197
11557 0.0244040033139754
11570 0.0264693685079692
11588 0.0308727001742227
11645 0.0329739039589185
11648 0.032161903771339
11651 0.0401602994417772
11652 0.0470155837683706
11677 0.0274857473443262
11709 0.0393556452065241
11742 0.0378563632373698
11762 0.0338708509458229
11805 0.0303097052383237
11829 0.030259700800525
11831 0.0429309441155056
11842 0.0252507416938897
11846 0.0125487513723783
11878 0.0258422384649748
11885 0.049875340476865
11936 0.0496417555172229
11985 0.0268645460251719
11993 0.0324016285216203
12015 0.0339135257556336
12019 0.0207738642842742
12029 0.0287312589643989
12063 0.0341292739612982
12139 0.0407213607482845
12161 0.0262353046244243
12180 0.0138815457816236
12267 0.0267080025165342
12307 0.04632033019152
12338 0.0443777470150963
12369 0.0441321602178505
12371 0.0455737572629005
12396 0.0263950746040791
12445 0.0258824271470075
12463 0.0141198167460971
12475 0.025390786814387
12493 0.0350843038642779
12495 0.0247851419000654
12499 0.0278172620106488
12505 0.0359278100251686
12546 0.0245730459777405
12590 0.0159848176990636
12596 0.0212195113679627
12615 0.0277854389772983
12636 0.0479240115935681
12653 0.0136784116912168
12696 0.023801239070599
12782 0.047519206625293
12787 0.0363399078341899
12811 0.0286202812829288
12826 0.0148668159468798
12851 0.0415735445596511
12954 0.0417248084093444
13018 0.0362132863781881
13032 0.0411850349599263
13052 0.0352736369910417
13077 0.014826457813615
13090 0.0489778860559454
13151 0.0376050852239132
13164 0.0224720475118374
13197 0.028440831968328
13234 0.0459845401579514
13236 0.0283320888818707
13317 0.0485850486671552
13335 0.0487586421426386
13390 0.0481454075605143
13457 0.0233277658873703
13466 0.0255426445481135
13509 0.0427455984958215
13511 0.04073849877459
13562 0.0183470442076214
13584 0.0176166390418075
13588 0.0223511085350765
13594 0.0292781985684996
13640 0.0221473778015934
13658 0.0205062177876243
13674 0.0300996050238609
13678 0.0310747449024348
13738 0.0370346525975037
13741 0.049868470459478
13756 0.0297726501361467
13799 0.0417140587174799
13886 0.0246512522047851
13889 0.0308322066179244
13895 0.0125260242144577
13933 0.0248104547412368
13980 0.0499880795774516
13994 0.0380092294013593
14002 0.0376295855268836
14008 0.0240151925187092
14017 0.0259671237930888
14074 0.0393926193733933
14108 0.0155738195986487
14112 0.0451825097727124
14122 0.0313824855838902
14128 0.0268315674125915
14134 0.0232024857861688
14194 0.0310625368263572
14199 0.0449901619314915
14214 0.02704682496842
14224 0.0480910746438894
14225 0.0422950943466276
14230 0.0350626529630972
14294 0.0255298416683218
14329 0.0436904923641123
14370 0.013358067930676
14381 0.0333539145562099
14390 0.0399431951664155
14393 0.0472376671968959
14394 0.0191141430375865
14397 0.01563402513857
14399 0.0373524729831843
14414 0.0405725214077393
14423 0.0133912881894503
14463 0.0326713769492926
14503 0.0186476417264203
14533 0.0229428899474442
14542 0.0259381474024849
14595 0.03336140489846
14707 0.016815162304556
14717 0.0384521852683974
14755 0.0274026734754443
14766 0.0257571562426165
14767 0.0288411622284912
14783 0.0470577005617088
14959 0.0225062515994068
14962 0.0494107470440213
14971 0.0385008037468651
14977 0.0442531571345171
14984 0.0263563937391154
15005 0.0269353964133188
15041 0.0444943503855029
15064 0.0410443520406261
15090 0.0341086675878614
15110 0.0281843083241256
15112 0.0165908293362008
15114 0.0358146699436475
15125 0.0164299704541918
15142 0.022196996663115
15151 0.0207527950813528
15202 0.0492560194456019
15216 0.0163522971823113
15219 0.0253253692120779
15234 0.0132512538752053
15242 0.0469824186904589
15243 0.0230331233033212
15267 0.045869292167481
15271 0.0395510266156634
15274 0.0334869358426658
15277 0.0407340562553145
15294 0.0370673750789138
15298 0.0435548874636879
15300 0.0498627176246373
15361 0.0424204402050236
15407 0.0360378436540486
15416 0.0236166360933566
15429 0.0480051063088467
15446 0.030905493471073
15488 0.0485421306017088
15512 0.0278700457245577
15537 0.0193512522149831
15542 0.0416269948123954
15548 0.0444942671543686
15584 0.0205892162426608
15585 0.0294731309433701
15598 0.030356094869785
15605 0.0381070140283555
15717 0.0184418182587251
15739 0.0462542474298971
15742 0.0459276362729725
15761 0.0135183370672166
15806 0.0319763824925758
15830 0.0320765486336313
15853 0.0235881627682829
15860 0.0128259986493504
15861 0.0289605901692994
15897 0.0232443218468688
15933 0.0405555689270841
15939 0.0467133011639817
15945 0.047653514315607
15961 0.0485421439370839
15974 0.023181150565506
15998 0.039394299860578
16030 0.0382159419707023
16063 0.0352937623712933
16074 0.0144539741158951
16109 0.042675062638591
16129 0.0272271231486229
16137 0.0423256833979394
16145 0.0181940830865642
16192 0.0249454731150763
16234 0.0180710456275847
16256 0.0443282950756839
16289 0.0214347990433453
16330 0.0255028821382439
16357 0.0409103048499674
16458 0.0352238661522279
16507 0.049932133310358
16593 0.0370858923968626
16602 0.0355531089764554
16604 0.0394296894170111
16605 0.021792975263088
16616 0.0359368734818418
16681 0.0499694466096116
16688 0.0342485280823894
16699 0.0243081884138519
16746 0.0253842278791126
16754 0.0338999786239583
16794 0.0166331052343594
16817 0.0497890454251319
16910 0.0438741423218744
16937 0.0209956407692516
16952 0.0233235946740024
16953 0.014821813654271
16976 0.0465293341461802
17033 0.018393830221612
17072 0.0160647510871058
17101 0.0461499735334655
17138 0.0229519676591735
17158 0.0386043216654798
17159 0.0446136201411719
17168 0.0283424047142034
17214 0.0392000560968881
17231 0.0339700829208596
17247 0.0422822850290686
17295 0.0270784642954823
17297 0.0302158621343551
17310 0.0194078316824744
17323 0.0446690838056384
17330 0.0477420189010445
17410 0.0468846379721072
17413 0.0414180159190437
17478 0.0405493033700623
17517 0.0166008757019881
17546 0.0445232331985608
17571 0.0159139008639613
17600 0.0159302840620512
17646 0.045759442014969
17649 0.0470790415303782
17701 0.0166568916349206
17722 0.0338448692666134
17803 0.0469532257149694
17839 0.0263886439643102
17866 0.0151540670543909
17868 0.0470961951912614
17937 0.0487069054855965
17939 0.0178334570664447
17962 0.0437773737125099
17979 0.0224268456484424
17994 0.0336132542637642
18005 0.0134222968452377
18021 0.0262869902391685
18029 0.0323877275426639
18069 0.0239608441974269
18079 0.029404846005491
18114 0.0150169679021928
18132 0.0147202010848559
18163 0.0434152067668038
18181 0.0364967152912868
18229 0.0175426049478119
18235 0.0314268891641405
18255 0.0355191449256381
18262 0.0235095100360923
18277 0.0306362168397754
18286 0.029670351484674
18312 0.036131526043755
18332 0.0491295846848516
18343 0.0344024408434052
18352 0.0389397576218471
18363 0.0137976306345081
18366 0.0471868090651697
18398 0.0358301313914126
18434 0.0433987980475649
18475 0.0451798208552645
18489 0.0400451029534452
18536 0.0304820691002533
18636 0.0326450227992609
18684 0.0435505415109219
18727 0.042051142512355
18739 0.0486600178468507
18796 0.0237387088069227
18813 0.0342197503428906
18847 0.0164076879620552
18857 0.0227362206031103
18868 0.0415094641735777
18878 0.0323046601115493
18928 0.0360566617076984
18945 0.0172252998134354
19007 0.032069860943011
19012 0.0413318431848893
19092 0.0413561804743949
19127 0.0489016608218662
19140 0.0188662202504929
19153 0.040940948392381
19158 0.0132375724700978
19170 0.0300381848152028
19181 0.0466479178197915
19228 0.0390283341723261
19232 0.0374860782671021
19251 0.0458330291439779
19283 0.0312499848369043
19284 0.0309570452722255
19285 0.0407770883612102
19295 0.0280105543643003
19320 0.0299813781864941
19332 0.0351335233543068
19372 0.0380133654369274
19378 0.0404349614953389
19400 0.0173343624890549
19442 0.0281794105627341
19453 0.0482425888767466
19496 0.0368167836073553
19515 0.028049576660851
19530 0.0374200511461822
19576 0.0400444819388213
19602 0.0225111056759488
19674 0.046614405332366
19695 0.0458571286959341
19710 0.0333348727901466
19712 0.0322799487417797
19717 0.0194059366796864
19739 0.0311790146603016
19775 0.0151431594073074
19793 0.0352324272331316
19847 0.0144340365804965
19850 0.0469545914413175
19903 0.0206733797036577
19905 0.0257153739832575
19929 0.0306650607963093
19949 0.0424653965135803
19960 0.0187811886105919
20098 0.0498496836749837
20112 0.0130410679004854
20127 0.0276172111509368
20220 0.0239448274922324
20238 0.0210275670367992
20279 0.019402990481467
20291 0.0432115135103231
20314 0.0202345994184725
20334 0.0181412579870084
20375 0.0191030976682669
20405 0.0403502791043138
20449 0.0127733701316174
20456 0.0343916265439475
20485 0.0224060482112691
20489 0.044465888326522
20517 0.0372096439881716
20528 0.0435718519001966
20565 0.0258462535624858
20579 0.035171776797506
20594 0.025178303476423
20630 0.0339371714449953
20633 0.0227317739452701
20643 0.036955636361381
20682 0.0335558709950419
20719 0.0292910697346088
20740 0.01536729602376
20751 0.034872980703949
20762 0.0125081164151197
20772 0.0288736076559871
20846 0.049232658627443
20849 0.0337022025953047
20865 0.0436778180097463
20882 0.0492179179796949
20889 0.0133402143925196
20892 0.0200119837245438
20923 0.0235224812175147
20963 0.0427370820194483
20978 0.0243669399380451
20981 0.0131071023788536
21033 0.0411737511632964
21049 0.0213139529543696
21052 0.0211513204674702
21077 0.0471197316684993
21102 0.0465919906360796
21133 0.0495378159248503
21161 0.0341839211789193
21193 0.0259505203313893
21226 0.0161573567602318
21227 0.0456407026853412
21238 0.0286966651619878
21242 0.0445175366941839
21289 0.0371016667661024
21294 0.0434122368867975
21306 0.0282648659456754
21312 0.0171559406880988
21319 0.0164009278465528
21333 0.0179961334681138
21374 0.0346621293399949
21401 0.0435216713434784
21434 0.0258557327149902
21456 0.0407850199204404
21493 0.0289326256577624
21506 0.031301339136553
21528 0.0269752845895709
21553 0.037942054058658
21595 0.0327501837280579
21616 0.0145586804923369
21679 0.044914016709663
21690 0.0426709006220335
21733 0.0235647414810956
21750 0.0433644649747293
21770 0.0340551497385604
21816 0.0131077141966671
21817 0.0460159187554382
21821 0.0412738046434242
21827 0.0315612400794635
21828 0.0342386914038798
21836 0.0180489259189926
21855 0.0353884147945791
21872 0.0464981362660183
21899 0.0168857246026164
21902 0.0418104456592118
21926 0.0183927558042342
21930 0.0235834645776777
21940 0.0152931904245634
21956 0.0194106640701648
21963 0.0499698988627642
21996 0.021215595366084
22025 0.0274492150841979
22073 0.0242073465371504
22123 0.0299345636623912
22136 0.0459419106424321
22178 0.0188526687503327
22199 0.0341095380659681
22206 0.0485527687822469
22276 0.049202722319751
22278 0.0149814592470648
22335 0.0205068631737959
22338 0.024129028338939
22347 0.0266543411969906
22389 0.0166167733084876
22429 0.0285248397733085
22456 0.0450683339004172
22475 0.0373797100270167
22490 0.0317342934722546
22498 0.0288252683007158
22509 0.0493706059554825
22531 0.0199289105454227
22595 0.038813137775287
22630 0.0462034978205338
22643 0.0354082628909964
22676 0.0300329297577264
22684 0.0208566132758278
22689 0.0182224175398005
22702 0.0277510210638866
22726 0.0374509351851884
22769 0.0285119807929732
22775 0.0293735251179896
22822 0.041826449718792
22829 0.0482881829841062
22837 0.0471610637439881
22849 0.0406898508663289
22886 0.0445114056405146
22945 0.025546713906806
23071 0.0293417418608442
23075 0.0223925659171073
23099 0.0465081515925704
23119 0.018310099010705
23126 0.0443241420260165
23163 0.035884997723042
23182 0.0387837022339227
23187 0.0317870994884288
23204 0.0198634658125229
23209 0.0211512901179958
23245 0.0427964591566706
23267 0.0480727812682744
23294 0.01895174254023
23340 0.0464720649179071
23397 0.0232954853127012
23415 0.0460250300355256
23470 0.0151067722268635
23506 0.0362120953912381
23539 0.0159862404456362
23589 0.0394606355344877
23620 0.0238700553542003
23662 0.0471987055992941
23665 0.0255750883661676
23725 0.0375430566462455
23736 0.040321397210937
23785 0.0162931943399599
23788 0.035909017722588
23801 0.0270688465010608
23894 0.0161158301722026
23900 0.0213434852921637
23903 0.0347346751601435
23942 0.0407708655693568
23980 0.0366358418803429
24002 0.0150200669973856
24004 0.0495885781798279
24006 0.0414179025683552
24013 0.0167087308363989
24019 0.0358674821676686
24020 0.0153252700489247
24026 0.0299594106851146
24029 0.0382817239966244
24055 0.0425392174714943
24075 0.0323871936678188
24088 0.046660157624865
24089 0.0252542928123148
24100 0.019439955681446
24215 0.0279843627678929
24220 0.0248840494576143
24235 0.016535173918237
24302 0.0446212914306671
24305 0.0247864473873051
24307 0.0230944142967928
24315 0.0347614985774271
24343 0.0284763456817018
24373 0.0356450423627393
24376 0.0163987008389086
24403 0.0408845142344944
24428 0.0499986039474607
24432 0.0437487566872733
24433 0.0459007204277441
24442 0.0264334395586047
24443 0.0325258330558427
24470 0.0425898689049063
24488 0.0387391574826324
24496 0.0410373355640331
24547 0.0232208906731103
24649 0.0352568443049677
24678 0.0192834797693649
24767 0.0131231579405721
24783 0.0242983800155343
24786 0.0309732466033893
24813 0.0216971359914169
24877 0.0171915311948396
24918 0.0202000601071632
24924 0.0412820111872861
24940 0.0455385815323098
24966 0.0182517689303495
24991 0.0191974978690268
24998 0.0382062786520692
25009 0.0314925159938866
25067 0.0488016988500021
25069 0.0435562081256649
25138 0.0174909420951735
25176 0.0136574615869904
25194 0.036785930377664
25201 0.0163447302766144
25243 0.0437489403935615
25278 0.0140250403957907
25294 0.0345470597676467
25334 0.0334771352616372
25348 0.0172933798923623
25407 0.0176871700707125
25421 0.0388396873575402
25423 0.0432104496692773
25437 0.0462816470273538
25442 0.0302770770242205
25447 0.0249902006529737
25459 0.0182984825194581
25466 0.0139278262009611
25485 0.0345253663312178
25500 0.017002624340239
25501 0.013129212660715
25504 0.046059885257273
25534 0.0395654393971199
25563 0.037969027843792
25574 0.0279216839757282
25581 0.0275014702114277
25680 0.0279335568280658
25699 0.0336950352910208
25710 0.0480838008865248
25774 0.0499626425793395
25805 0.0154490602668375
25829 0.0353285987395793
25894 0.0486799526232062
25901 0.0388680397445569
25916 0.0401468442782061
25946 0.0254706703097327
25965 0.0390765261487104
25973 0.0146181038435316
25974 0.016052324816701
25994 0.0418263106170343
25998 0.0428607388836099
26001 0.0479476807347965
26022 0.0351290617516497
26047 0.013781881556497
26069 0.0471718837914523
26082 0.0423067117575556
26097 0.0283381888963049
26113 0.035077132191509
26145 0.0424086075887317
26150 0.0304290524771204
26156 0.0389129882358247
26168 0.0486265897401609
26172 0.0147239584417548
26176 0.0450591094995616
26183 0.0401795713580213
26196 0.0238216327677947
26216 0.0205204197322018
26253 0.047891161966254
26257 0.0487384806649061
26313 0.0173492286732653
26321 0.0363883529527811
26338 0.0474085809517419
26377 0.0377257742773509
26401 0.0160669797041919
26447 0.0281535017682472
26498 0.0338038142450387
26510 0.031733749480918
26527 0.0420280730031664
26549 0.0176460134243825
26606 0.0181900778756244
26689 0.0319064039620571
26735 0.0486208918562625
26774 0.0157255127094686
26779 0.0139293087268015
26782 0.0254892747674603
26788 0.0199445598380407
26791 0.0279260234907269
26793 0.0256782611744711
26820 0.0351697803998832
26835 0.0356762804789469
26900 0.0167687184119131
26914 0.0199899260944221
26964 0.0305139033996966
26967 0.0371442100615241
26986 0.0225264484848594
26990 0.0425057601649314
27002 0.0434873803460505
27053 0.0333766709140036
27056 0.0146524737036088
27085 0.04218714494491
27097 0.0252588077564724
27150 0.0329860524856485
27164 0.0286532856465783
27177 0.0498736215929966
27181 0.0495462473307271
27203 0.03361366513127
27223 0.0480755830765702
27240 0.0228036283951951
27245 0.0167511548032053
27288 0.0199522499809973
27295 0.0389740959828487
27316 0.022823651690851
27364 0.0194273778935894
27370 0.0421174041519407
27423 0.014868158911122
27450 0.0203589557000669
27459 0.0231640753074316
27466 0.0207250439358177
27472 0.033388914167881
27560 0.0480009419930866
27606 0.0135569604521152
27616 0.0293823825661093
27629 0.0224740494275466
27657 0.0455228303850163
27663 0.0479408396873623
27664 0.0192031798884273
27709 0.0442871853330871
27743 0.0384756631159689
27754 0.0486832777300151
27770 0.046443555955193
27774 0.0310410245670937
27808 0.0204211746517103
27818 0.0293239448830718
27836 0.0247399655578192
27845 0.0303332194132963
27875 0.0305180382856634
27878 0.0136597897595493
27882 0.0379371420422103
27887 0.0465402024768991
27967 0.0265355289826402
27977 0.0492348879342899
27988 0.0316843331791461
28001 0.0232004500721814
28020 0.0493450519279577
28042 0.0327683508774499
28046 0.0201717401389033
28049 0.0425748624693369
28053 0.0340490835224045
28058 0.0195496538566658
28059 0.0176236525294371
28101 0.0453579446795629
28116 0.0488387180812424
28117 0.0213012625055853
28157 0.0402777477691416
28181 0.0239819883543532
28198 0.0459236995782703
28202 0.0330594922357705
28204 0.0144894291996025
28251 0.0271589492622297
28257 0.0356264765316155
28271 0.0438983165979153
28291 0.0301833314064424
28316 0.0477524572808761
28332 0.0297577473946149
28343 0.0183240703452611
28362 0.0298481513513252
28368 0.012587697795243
28381 0.0367510986077832
28419 0.0127876486396417
28452 0.0428422698489157
28465 0.0241855337721063
28487 0.0321504332794575
28492 0.0438008922559675
28544 0.0373346095584566
28557 0.0270145894581219
28570 0.0366726822336204
28578 0.0436386398272589
28647 0.0168719822686398
28651 0.0233073774783406
28661 0.0263003309024498
28681 0.0446824830985861
28707 0.020479946868727
28730 0.0261632558918791
28755 0.0168654063192662
28765 0.0153489969001384
28785 0.0353209502121899
28840 0.0320635884883814
28869 0.0344152722333092
28873 0.0484468072711024
28894 0.0201523268216988
28933 0.021788255230058
28936 0.0205064757581567
28959 0.0150904727197485
28984 0.0133737905678572
28991 0.0477133342792513
28999 0.0487400652753422
29028 0.0410440110688796
29043 0.0173712722782511
29077 0.0312666450889083
29106 0.0321894978813361
29110 0.0469936624809634
29182 0.044420189835364
29233 0.0351227566483431
29268 0.0245420587045373
29283 0.0338669126416789
29378 0.0384205098438542
29402 0.0468072387651773
29406 0.0436922588414745
29476 0.0473951071646297
29481 0.0214338563702768
29482 0.0293856593896635
29513 0.0161807925323956
29524 0.0341390441928524
29546 0.0144400915305596
29556 0.0320750856510131
29581 0.0377307842398295
29583 0.0402987728273729
29600 0.0204737523570657
29632 0.0130471023876453
29718 0.017688736517448
29749 0.0352814903773833
29760 0.0160941601876402
29798 0.0248523397749523
29799 0.0372648512915475
29826 0.0186093354015611
29842 0.0418826944223838
29859 0.0406069494376425
29905 0.0477161022892687
29906 0.0418593630340183
29943 0.0355504478793591
29964 0.0436536752327811
29984 0.0394048120448133
29985 0.0463135661673732
30038 0.0378697705775266
30197 0.0292627182672732
30241 0.0371087975130649
30255 0.0146875365433516
30309 0.0149530532886274
30339 0.0172906019957736
30340 0.0170082831376931
30405 0.013570091658039
30449 0.0276948182057822
30455 0.0263588520465419
30462 0.02365589014953
30478 0.0186640207859455
30496 0.0174283676868072
30579 0.0467665520758601
30618 0.0154559489077656
30619 0.0435389528400265
30633 0.0270327710924903
30648 0.013203623823938
30659 0.0391248450410785
30703 0.0289119535271311
30707 0.0485213110921904
30766 0.0302618317015003
30768 0.0189709420315921
30778 0.0150548130070092
30798 0.0309144688682863
30852 0.0157362961996114
30891 0.0137581581540871
30935 0.0430052161769709
30959 0.0402435266674729
30978 0.023281469833455
30981 0.0294576278800378
31045 0.0205675982200773
31048 0.0394989335822174
31075 0.0180496839660918
31078 0.0183325019810582
31104 0.02286695142393
31118 0.0389064890798181
31259 0.0129101931495825
31262 0.0478387093375204
31273 0.0203512965963455
31284 0.0480208197492175
31314 0.0460663991281763
31331 0.0395101674861508
31345 0.030928750365274
31368 0.0404666530143004
31376 0.023234225588385
31410 0.0301996235561091
31441 0.031646474279114
31476 0.0313905475079082
31482 0.0471441395435249
31493 0.0344997053907719
31507 0.0138116074871505
31522 0.0476606443728087
31525 0.0135838181275176
31532 0.0336440396669786
31536 0.0351183327526087
31637 0.0312576296855696
31659 0.0305230795172974
31665 0.0149635620240588
31757 0.0222850977384951
31767 0.0332553093438037
31768 0.0401502312335651
31793 0.0297481638583122
31809 0.015984885985381
31869 0.0187912386551034
31914 0.0434747105900897
31930 0.0336452216870384
31955 0.0282150088867638
31989 0.0207267170655541
32000 0.0164421992230928
32063 0.0334753467119299
32080 0.0378929244674509
32088 0.0172436697524972
32089 0.0397798669408076
32092 0.014563987281872
32137 0.0316369790321915
32223 0.0425986382935662
32236 0.0354983631230425
32240 0.0275278262008214
32247 0.0261850557813887
32286 0.0361497106670868
32327 0.0206374406378018
32332 0.0296396470133914
32350 0.0463496234122431
32358 0.0486150723445462
32391 0.0300625108386157
32424 0.0432271890138509
32477 0.0422637316136388
32484 0.0163512354105478
32506 0.0377563155052485
32533 0.0418016284471378
32563 0.0305964250001125
32599 0.0149595552036772
32621 0.0303787139651831
32644 0.0336391483433545
32754 0.0176910145673901
32803 0.0486280968674691
32809 0.0238581298501231
32819 0.0390883571555605
32840 0.0477517613122473
32854 0.0499733462871518
32862 0.0279887901124312
32864 0.0251154285622761
32868 0.0322358541743597
32871 0.0447505243209889
32897 0.025892776317778
32916 0.0286416978953639
32941 0.0458180015557446
32967 0.0293833749019541
32970 0.0321783200779464
32974 0.0153276191442274
33000 0.0309033628000179
33002 0.0452107669727411
33036 0.0215599547576858
33039 0.0337158023787197
33091 0.0437599620810943
33110 0.0342399886139901
33111 0.0131753434019629
33126 0.016452185579692
33181 0.0281115169491386
33192 0.0473755717597669
33202 0.0441460683243349
33209 0.0465407982002944
33229 0.046938357691397
33244 0.0197861606429797
33262 0.0357013385684695
33287 0.0348813571588835
33293 0.0488639320567017
33295 0.0385515027737711
33302 0.0206698508874979
33311 0.0196612904896028
33312 0.0246919106139103
33340 0.0334957415587269
33354 0.0335263637185562
33359 0.0480886349600041
33421 0.0491142793529434
33422 0.0213158176076831
33447 0.0133621285523986
33459 0.0384599322016584
33487 0.0320714876288548
33504 0.0324262948270189
33505 0.0300555775931571
33508 0.0442642434296431
33528 0.0281090151867829
33584 0.0297036515257787
33653 0.0457502567005577
33656 0.022525523515651
33690 0.040681622250122
33734 0.0157363913865993
33747 0.0173460854333825
33764 0.0167920711828629
33795 0.0381326034636004
33801 0.0229169170052046
33810 0.0327732631238177
33847 0.0294566173804924
33870 0.0480926355725387
33871 0.040420245678979
33899 0.0308552165777655
33926 0.0203222958341939
33974 0.0351251643733121
33980 0.0390615505224559
33992 0.0243868057383224
34020 0.025828708577319
34048 0.0333450945850927
34050 0.0356698371935636
34065 0.0467074214131571
34090 0.0440081393899163
34101 0.0234288482606644
34117 0.0134024057537317
34124 0.0298899014218478
34134 0.0329945181496441
34160 0.0484688173077302
34161 0.0171377434191527
34218 0.0424036953423638
34240 0.0178223792783683
34358 0.0398127473774366
34362 0.0309148654807359
34385 0.0370989847462624
34400 0.0264422528620344
34427 0.0205572242179187
34578 0.0230546341830632
34650 0.047490955403191
34665 0.0350177670101402
34689 0.044019369155285
34691 0.0146964995248709
34701 0.0335552262986312
34704 0.0352449905360118
34786 0.0165413383103441
34791 0.0262298334419029
34845 0.0287016907590441
34911 0.0239036170445615
34991 0.013898325592163
35036 0.0201138547243318
35129 0.0420334225578699
35138 0.0305693987931591
35139 0.0329969789861934
35238 0.0441280621191254
35272 0.0295783369365381
35290 0.0302253162255511
35308 0.0344812961353455
35340 0.0204959233378759
35342 0.0390727023448562
35353 0.0360823343740776
35367 0.0214984982216265
35395 0.0128611849562731
35406 0.0152828095247969
35432 0.0441854125092505
35447 0.0338019553397317
35481 0.0451608384086285
35505 0.0139747425797395
35531 0.027577640034724
35542 0.0381830619939137
35633 0.0371235351718497
35661 0.0208655684400583
35680 0.0177517348987749
35700 0.0171008701872779
35768 0.0326932798430789
35811 0.0329308904765639
35829 0.0395141575223533
35848 0.0366276355664013
35865 0.0446422898181481
35873 0.032561645435635
35899 0.0482979219465051
35937 0.0471897184761474
35941 0.0137070609052898
35945 0.0414080201357137
35986 0.0347944346547592
35996 0.0133234895329224
36004 0.0355040545691736
36029 0.02235971353075
36044 0.049339027327369
36057 0.0496963224926731
36077 0.024526387109654
36084 0.0170129999518394
36121 0.041708149536862
36125 0.0336511632864131
36159 0.0207716216420522
36235 0.0424170946353115
36261 0.0491731628513662
36271 0.024915096280165
36273 0.0354885374807054
36296 0.0368680668616435
36313 0.0340701297332998
36339 0.0303614248812664
36357 0.0485927206464112
36394 0.0356410068023251
36416 0.0179449320654385
36425 0.0278674308414338
36448 0.031101235395181
36548 0.0497678102197824
36611 0.0298150754824746
36635 0.0491039129381534
36648 0.0470471801003441
36659 0.015898955357261
36676 0.0448992070858367
36677 0.0406583773117745
36679 0.049000911420444
36692 0.0447605302208103
36716 0.0262381772481604
36743 0.0398744103818899
36775 0.0352396605245303
36813 0.0484581025637453
36845 0.0256796066678362
36846 0.0157589734648354
36854 0.041830633347854
36860 0.0469508218986448
36865 0.0147824053216027
36876 0.0261111853906186
36942 0.0310183932859218
36950 0.018313799117459
36999 0.0340564681013348
37028 0.0418504614412086
37043 0.0477234850288369
37064 0.0278399034083122
37074 0.0417032802855829
37092 0.0283664626505924
37127 0.0170919736527139
37151 0.0313180674449541
37161 0.0406506772822468
37165 0.0300903176248539
37168 0.0294054003432393
37189 0.0384071625128854
37210 0.013294622124522
37230 0.028247870929772
37236 0.0152760252676671
37256 0.0251656472857576
37267 0.0313482212572126
37289 0.0303072588867508
37294 0.0296684254426509
37295 0.0344861490622861
37305 0.0176592724659713
37317 0.0159982894168934
37420 0.033266255617491
37426 0.0174704343575286
37481 0.0140992896951502
37484 0.0485088406770956
37486 0.0168913806410274
37562 0.0241620531654917
37566 0.031098884230596
37569 0.0329360526462551
37583 0.0140040760365082
37613 0.0210549618059304
37645 0.0496476235421142
37656 0.0448272328474559
37660 0.0166419072716963
37749 0.0323882563592633
37751 0.0272879892494529
37768 0.0418485931091709
37776 0.0266956564883003
37795 0.035572270071134
37812 0.0260729041270679
37821 0.0422037509357324
37900 0.036683627817547
37915 0.045234005243401
37939 0.0390029240748845
37953 0.0282131341169588
37982 0.023956987055135
37990 0.0399335959955351
38022 0.0330135341646383
38080 0.034140915054013
38082 0.0182947881607106
38122 0.0256681391649181
38235 0.0193641063669929
38244 0.0340782693703659
38299 0.0374822845828021
38316 0.044207765586907
38352 0.0322923665051349
38362 0.0147950950806262
38451 0.0360615396959474
38486 0.0248998116410803
38577 0.0203610100375954
38586 0.013409839765518
38592 0.0199040288047399
38612 0.0466005963215139
38690 0.0327119066030718
38722 0.025362789654173
38771 0.0243784256046638
38781 0.0439422288385686
38897 0.0227974329638528
38980 0.0305600113788387
39001 0.0320946380699752
39011 0.0229386368824635
39041 0.0498142393975286
39069 0.0417060223146109
39076 0.043871766095981
39153 0.0257318367337575
39165 0.0413750343956053
39170 0.0370820097334217
39177 0.0425175764568849
39187 0.0448321841802681
39197 0.0208784596092301
39203 0.0444202985876473
39220 0.0218995534203714
39230 0.0159959426207934
39281 0.0263157498149667
39287 0.0288613708398771
39307 0.03925857701106
39342 0.0234128963929834
39368 0.0205875334562734
39372 0.0156152365147136
39384 0.020470876514446
39406 0.0217497088684468
39410 0.0429743769724155
39439 0.0369353928021155
39465 0.0182273458805867
39472 0.0194100455846637
39477 0.0186277067201445
39488 0.0225289348425576
39536 0.0416069848521147
39544 0.0463944215356605
39598 0.0190375929261791
39693 0.0429906682024011
39710 0.0255828856519656
39723 0.0256340118707158
39776 0.0457703360967571
39779 0.0255828461056808
39793 0.0135983150597895
39800 0.0378084890107857
39803 0.0325788032350829
39836 0.0275212424341589
39837 0.0248212922626408
39841 0.0347320469416445
39914 0.0191886181186419
39954 0.0356998017814476
39963 0.0499647916440153
39970 0.0236846637504641
40006 0.0463442828244297
40029 0.0343249390920391
40129 0.0482629349804483
40141 0.0325436477374751
40164 0.0296669392380863
40179 0.02250200198323
40182 0.0264123441447737
40219 0.0137562990188599
40233 0.0127240483270725
40235 0.025131768535357
40239 0.0159030196577078
40248 0.0237534607207635
40273 0.0446317902795272
40295 0.0304521516460227
40315 0.0184860250272322
40336 0.0129199916613288
40401 0.0357457069709199
40412 0.0322115536720958
40426 0.0399454447062453
40453 0.0206573993258644
40454 0.0400272809143644
40469 0.0369311992864823
40484 0.0243650663178414
40530 0.0195090609748149
40540 0.0419741385383531
40622 0.0126261356344912
40626 0.041570877484628
40647 0.0213843113131588
40726 0.0204276064410806
40751 0.0158169749891385
40768 0.0290628467453644
40796 0.0331254839489702
40809 0.0443494879757054
40823 0.0428219830646412
40884 0.0149964116513729
40920 0.0311736457922962
40921 0.0450547290587565
40928 0.0166852732218103
40943 0.0396043858199846
40955 0.039889204830979
40978 0.0166511208662996
41000 0.0349731771944789
41007 0.0452080362098059
41016 0.0285458360915072
41073 0.0304398876993218
41122 0.0342354550462915
41177 0.0493951821321389
41183 0.0450446038303198
41292 0.0488275103882188
41325 0.0231777925800998
41328 0.0484934031410376
41333 0.0489222975447774
41400 0.0157832102791872
41412 0.0459556683810661
41428 0.0209463019506074
41456 0.0390776660933625
41481 0.02100848480477
41487 0.0173006559489295
41489 0.0251434351492208
41522 0.0266738122241804
41578 0.0182762299169553
41579 0.013648441125406
41610 0.0196838645206299
41616 0.0442963853623951
41646 0.0458183280425146
41647 0.0193805385380983
41669 0.0242563662264729
41677 0.0368400368228322
41689 0.0140825687441975
41745 0.027441527240444
41794 0.0363843737228308
41795 0.0196252576162806
41808 0.0129955064418027
41867 0.0141268780571409
41879 0.0348262806801358
41936 0.0482417862251168
41984 0.0164291248074733
41985 0.0261231217009481
42027 0.0184513496031286
42078 0.0299426770885475
42114 0.0221103939780733
42154 0.0478704594861483
42155 0.0211907963966951
42215 0.03251869334199
42220 0.0419603327463847
42246 0.049700412544189
42262 0.013526109981467
42277 0.0375992059329292
42289 0.026347509160405
42412 0.0306579045281978
42420 0.0354400026932126
42431 0.0232451097836019
42497 0.0356343531399034
42506 0.0180644777254201
42526 0.0486288597428938
42555 0.0334455297328532
42587 0.013211482038605
42601 0.0252334089251235
42618 0.0467244826460956
42668 0.025502180881449
42724 0.02749686697789
42755 0.0276398065645481
42817 0.049964030837873
42871 0.0372444435692159
42873 0.0171169140230631
42884 0.0350207672396209
42928 0.04959450874303
42956 0.0362350816692924
43010 0.0205976274155546
43060 0.0413573831872782
43062 0.0272172448545462
43076 0.0468894711259054
43124 0.0238634840032319
43163 0.0299724864802556
43183 0.031499379343586
43201 0.0312092792941257
43219 0.0404534109868109
43221 0.013062805251684
43258 0.0470089751703199
43290 0.0344072944601066
43325 0.0406359628454084
43331 0.0356451522646239
43334 0.0278412486717571
43336 0.0299085978476796
43397 0.0256233077030629
43398 0.0194020347029436
43415 0.033874949964229
43435 0.0449970542511437
43439 0.0292311876924941
43441 0.0413294991478324
43455 0.029756700337748
43518 0.0460397097544046
43543 0.0236922012263676
43549 0.0170351401233347
43599 0.0227737187582534
43661 0.0174942722602282
43670 0.0403631824592594
43697 0.0133393427648116
43745 0.0355365335650276
43749 0.0285568228311604
43754 0.0310975683969446
43768 0.0148646133107832
43772 0.0354009514267091
43815 0.0293128933059052
43850 0.0430037881422322
43870 0.0236359551432542
43882 0.0370928690972505
43899 0.0445120121701621
43917 0.0340641281247372
43922 0.0334371592558455
43983 0.0357204380445182
44009 0.0432439226104179
44039 0.0406151633389527
44133 0.0132416811451549
44138 0.0446289755956968
44271 0.0418285330262734
44291 0.041243677501916
44310 0.0439120108785573
44326 0.0298777407093439
44327 0.0197787760640495
44335 0.0231323350453749
44349 0.0255562758306041
44373 0.0406120771192946
44394 0.0280868386878865
44400 0.0440245989215328
44446 0.0312503609864507
44497 0.0242305459512863
44500 0.0231244699331
44623 0.0249868932500249
44656 0.0280818813771475
44739 0.0126871504937299
44759 0.0283782396261813
44796 0.0139139866107143
44802 0.0216437314928044
44807 0.0494571249495493
44839 0.0234137694002129
44842 0.0442545410245657
44851 0.0372563223994803
44853 0.0190477149357321
44865 0.0271984222024912
44889 0.0332185740640853
44950 0.0421075414924417
44989 0.0251861193857621
44992 0.0320118465431733
45080 0.0486729750031373
45098 0.0355503094673622
45099 0.0478383897483582
45206 0.0268826979998266
45300 0.0244108183804201
45309 0.0490637346025324
45311 0.035347013513092
45312 0.0335054416646017
45316 0.0313194150076015
45347 0.0228665467642713
45369 0.0221073160355445
45400 0.0134016189665999
45429 0.0182488827413181
45486 0.0444085650669876
45498 0.0443004694359843
45531 0.0269254976563389
45541 0.0208983810502104
45566 0.0316279337392189
45575 0.0329257168108597
45578 0.0243748634500662
45626 0.0126529114582809
45627 0.0433271824847907
45659 0.0189939998148475
45676 0.0213605541124707
45725 0.0287269116321113
45729 0.0171667204995174
45816 0.0434494425833691
45845 0.0378584780439269
45878 0.038076101479237
45889 0.0256409090186935
45890 0.0326267498865491
45927 0.0230005293473369
45936 0.0311670066148508
45996 0.0408920045767445
46057 0.0406651388067985
46078 0.042500815729727
46088 0.038656971565797
46148 0.0208937028626679
46189 0.0422461268492043
46252 0.0347463672951562
46255 0.0391093005920993
46264 0.0287719511718024
46265 0.0387112203316065
46287 0.0133607340860181
46295 0.0347233373322524
46297 0.029325060226256
46324 0.0363758600055007
46337 0.0391304838354699
46345 0.0480410984862829
46361 0.0196358744142344
46466 0.0296249528095359
46467 0.0155239620798966
46503 0.0142562645341968
46613 0.0458919593162136
46618 0.0221026295708725
46654 0.0212846827256726
46657 0.0140102144476259
46681 0.0399804500659229
46756 0.0485863015026553
46786 0.0394042110332521
46814 0.0447774059080984
46843 0.0377101399295498
46851 0.0284013137337752
46880 0.0219230662158225
46910 0.0152469601278426
46911 0.0410814940492855
46933 0.0289496266515926
46942 0.0137701567728072
46985 0.0453780406300211
47009 0.0222264942829497
47020 0.03302403439302
47034 0.0138188304321375
47067 0.0377732472930802
47093 0.0344668776058825
47097 0.0416010956745595
47118 0.0329222611093428
47120 0.0348311989044305
47148 0.0126818614080548
47168 0.0295198477513623
47181 0.0193811186269159
47230 0.0365932261600392
47292 0.0496187556738732
47304 0.0345211151055992
47310 0.0249206026404863
47317 0.0169522255891934
47328 0.0364160854747752
47351 0.0260265331191476
47356 0.0237756650400115
47365 0.0354967332183151
47404 0.0268906433542725
47415 0.0166368467267603
47426 0.0374245672399411
47435 0.015432404843159
47436 0.0407192293874687
47442 0.0259150036290521
47463 0.0162344494834542
47512 0.0341398397169542
47529 0.012807562953094
47586 0.0142330619011773
47613 0.0161033592972672
47626 0.0210390021209605
47631 0.0335622482933104
47706 0.0448994278092869
47708 0.022007811604999
47742 0.0324632023170125
47759 0.0252701035089558
47798 0.0260181125195231
47819 0.0126329129940132
47841 0.0298072747478727
47880 0.047412907591206
47888 0.0183328992832685
47895 0.0261197678541066
47898 0.0238877362222411
47971 0.0336592847597785
48001 0.0150438609853154
48007 0.0448596499947598
48050 0.0491951692092698
48098 0.04578889227123
48102 0.0292061178770382
48121 0.0309566429117695
48125 0.042934525583405
48136 0.0244558289501583
48138 0.0367241038999055
48179 0.0149175209517125
48199 0.0211991997523
48233 0.0396614140918246
48240 0.0461900182854151
48331 0.0400628070434323
48338 0.0216531462676357
48367 0.0178789792087628
48372 0.0439837995712878
48392 0.0483657217526343
48396 0.0407594093325315
48416 0.0298047578107798
48417 0.0348887171363458
48422 0.0313018435816048
48432 0.0305013665376464
48454 0.0339595518831629
48509 0.0364247210498434
48538 0.0217031925509218
48547 0.026193093333859
48557 0.030049172474537
48604 0.0256959415826714
48612 0.0461798328178702
48665 0.037536406662548
48691 0.0438026702293428
48695 0.0460396918206243
48755 0.0293002040067222
48770 0.0356207862350857
48776 0.0184849979734281
48788 0.0391518218151759
48812 0.0252691100235097
48867 0.0226237151015084
48880 0.0398310407530516
48905 0.0160298491915455
48952 0.0169122010702267
48973 0.0203337334474782
49023 0.0218828623590525
49026 0.0361511163995601
49034 0.0330185530940071
49108 0.0417696440097643
49112 0.0167728461703518
49130 0.0386328014283208
49146 0.0167063451837748
49240 0.0447210069280118
49282 0.0392319816746749
49316 0.0262176111107692
49319 0.0335828339739237
49363 0.0421282931754831
49403 0.0292347349022748
49428 0.0229440298920963
49466 0.037197217028006
49488 0.031964596780017
49516 0.0144969257496996
49525 0.0271888021088671
49526 0.03977715181245
49561 0.0441037852986483
49562 0.0405268530361354
49574 0.0155937969102524
49585 0.0433432316087419
49616 0.0141002530610422
49647 0.0411124624690274
49651 0.049343709423556
49668 0.0128531772934366
49740 0.0160398927982897
49751 0.0125999610521831
49774 0.0326880677806912
49786 0.0351128944486845
49807 0.0211676162958611
49808 0.0157281636900734
49819 0.0391067760676378
49828 0.0343692033406114
49849 0.0154605657065986
49900 0.0281673225050326
49911 0.0353536637267098
49931 0.0136975074885413
49953 0.0359489585505798
49967 0.0380331355903763
49985 0.0291506496141665
50027 0.035671455602278
50038 0.0285177060373826
50061 0.0146146883780602
50108 0.0422127789846854
50114 0.0484276988281636
50116 0.0352106783859199
50133 0.0361708458571229
50230 0.0319834417343372
50255 0.0174859788065078
50259 0.032654019119218
50263 0.0288805721706012
50276 0.0262472740432713
50315 0.027687016321579
50360 0.0144247478019679
50382 0.0290706713916734
50389 0.0475684449687833
50487 0.0186728619097266
50488 0.0269502736337017
50504 0.0496085281309206
50505 0.0269365584303159
50515 0.0318765904317843
50524 0.0424692069820594
50525 0.0422703588352306
50544 0.0213881132745882
50622 0.0330162732047029
50704 0.0298583478550427
50722 0.0453631063894136
50740 0.0364687231893186
50756 0.0278661258140346
50802 0.0430786478798836
50867 0.0492210120166419
50874 0.0231649421068141
50925 0.0478380209562601
50937 0.0353355446306523
50941 0.0287807127431734
51027 0.034200706507545
51066 0.0252187770296587
51075 0.0384930287633324
51095 0.0467058917536633
51153 0.0131987690576352
51243 0.0258096911828034
51245 0.0337843850633362
51271 0.0416781548294239
51282 0.027591992347152
51311 0.0435974121355684
51393 0.0433282628800953
51439 0.0218125971179688
51449 0.0228571977466345
51478 0.0254596980550559
51548 0.0159815392660676
51549 0.0280324984138133
51573 0.0387617588741705
51577 0.015211196031305
51600 0.0327526114560897
51634 0.025760163369705
51673 0.0145711453893455
51688 0.0327932608983247
51703 0.0300062155525666
51727 0.0271349644404836
51739 0.0325294878683053
51741 0.0377362524333876
51768 0.0494386752281571
51772 0.0346915952308336
51840 0.0378389056219021
51848 0.0361139619752066
51890 0.0289199906197609
51909 0.0339978855685331
51968 0.0238092356972629
51984 0.0207518781593535
51985 0.0305787119432352
52003 0.0297006798064103
52037 0.0352678427705541
52040 0.0425429184979293
52120 0.0428982014011126
52192 0.0172720458213007
52272 0.0368287458986742
52309 0.0397184076457052
52336 0.0397087663994171
52366 0.045775020722067
52411 0.0188752345042303
52440 0.0368524113611784
52498 0.013886025318061
52515 0.0397101822483819
52555 0.0365420994814485
52558 0.0444889884151053
52601 0.0486360739509109
52607 0.0173529903986491
52617 0.0495548210572451
52628 0.01488623432233
52670 0.0146076261473354
52725 0.0422978356858948
52760 0.0327137013606262
52781 0.0457065821974538
52802 0.0241810919425916
52873 0.0486816068994813
52879 0.0264191454160027
52900 0.0211803766404046
52930 0.0427190893795341
52947 0.0194121709675528
52950 0.0335568115988281
53005 0.0498601167666493
53053 0.0388797341787722
53065 0.0451995362876915
53083 0.0144346415007021
53119 0.0303074780007591
53143 0.0280786622635787
53157 0.0138215400424087
53161 0.0296815814799629
53215 0.0419886851334013
53219 0.0161937393422704
53234 0.0348117625952
53258 0.0194908151926938
53285 0.0286792661761865
53334 0.022819394027465
53344 0.041764510810026
53380 0.0466275537823094
53395 0.0297430803213501
53433 0.0129938597528962
53486 0.0138106064143358
53493 0.0230173914693296
53518 0.0149142553942511
53523 0.0311608081945451
53546 0.0358628380083246
53583 0.0251714139158139
53588 0.0492400238930713
53589 0.0304641417576931
53599 0.0136500845954288
53602 0.0222121247265022
53621 0.0154147044318961
53755 0.0495045614079572
53763 0.0168060965486802
53790 0.0471846349391853
53804 0.0214391978777712
53851 0.0367609757522587
53900 0.0465491422364721
53903 0.0325810263340827
53923 0.033022138470551
53927 0.0205032525060233
53959 0.0328089414600981
53967 0.0421334305137862
53968 0.0320265722461045
53996 0.0464470969571266
54032 0.0130184660491068
54092 0.0336000382172642
54101 0.0232036590692587
54119 0.0476637089799624
54125 0.0161705925798742
54135 0.015340647805715
54229 0.0461694282363169
54236 0.0446685715432977
54241 0.0382200761669083
54280 0.0407747521414421
54287 0.0459929276490584
54322 0.0179478442354593
54369 0.0198354539374122
54373 0.0216858170169871
54392 0.0494211532350164
54451 0.0192122417356586
54453 0.0345972541195806
54479 0.0232854148052866
54485 0.0292017468629638
54497 0.0329843138286378
54510 0.0248337668163003
54527 0.0360525636089733
54547 0.0148866086325143
54562 0.046152540363255
54697 0.0485144829202909
54706 0.0285871920787031
54717 0.0302050591009902
54729 0.0204404750780668
54735 0.0135600915062241
54756 0.0428745715762489
54775 0.0421652098622872
54778 0.0226378901454154
54783 0.0235703306127107
54809 0.0424580337770749
54881 0.0342741126893088
54905 0.023166721459711
55036 0.0463227471132996
55040 0.0491809405939421
55054 0.0378504993510433
55133 0.0253004338999745
55149 0.027336968012969
55163 0.0283131567877717
55228 0.0279333052953007
55230 0.024908160965424
55321 0.045565635789535
55424 0.0303471376362722
55440 0.0238080867857207
55442 0.0235165085789049
55452 0.0132846658874769
55454 0.0444364550843602
55455 0.039924484945368
55479 0.0293683900788892
55489 0.012687842323794
55504 0.0230255598464282
55509 0.0467964853945887
55539 0.030682302286732
55542 0.0383876305568265
55708 0.0134481088432949
55719 0.0400506173609756
55803 0.0135922621790087
55817 0.04826440095203
55824 0.0162534937786404
55840 0.0469260994927026
55855 0.0448575593298301
55862 0.0478061569971032
55866 0.0440814062400023
55917 0.0450507675326662
55920 0.0277284274896374
55949 0.0246181519643869
55950 0.0142206710384926
55997 0.0193345485080499
56014 0.0397190357878571
56028 0.0293996688909829
56058 0.0401153527898714
56093 0.0354192942351801
56114 0.0466089842724614
56172 0.0290589431591798
56177 0.0419691835268168
56181 0.034321299684234
56185 0.0450160003703786
56189 0.0399771755415713
56218 0.0308583455625921
56275 0.0426994265988469
56287 0.0157580406783382
56335 0.0498529926873744
56339 0.0325955913227517
56347 0.0476956547907321
56369 0.0366096652287524
56409 0.0397004373080563
56422 0.0159515498467954
56432 0.044057781243464
56450 0.0453505129669793
56549 0.0138490640267264
56559 0.0345599194377428
56608 0.0290692980779568
56668 0.0274054412555415
56743 0.0284879012440797
56758 0.0354321821854683
56817 0.0207756847928977
56821 0.0477992492727935
56883 0.0175965479196748
56902 0.0314034717855975
56924 0.0426573626871686
56980 0.0401782104599988
56994 0.0243599572597304
57059 0.0177152644871967
57069 0.0407255149475532
57131 0.0350818568229442
57147 0.029194647615077
57159 0.013082192587899
57173 0.0456730998295825
57216 0.017954128186102
57292 0.0246738880843623
57303 0.0264755331299966
57334 0.0183052780426806
57342 0.0206214657780947
57348 0.0365207251743414
57351 0.0234654699597741
57380 0.0383552249055356
57396 0.030572664810461
57399 0.0315145087864948
57407 0.0332315427163849
57414 0.0280181849579094
57445 0.040444743912667
57477 0.0435664664779324
57485 0.0286516166554065
57616 0.046978422216489
57657 0.0336558642360615
57677 0.0346062044554856
57716 0.0254351306153694
57745 0.038364922942128
57766 0.0423802942881593
57786 0.0272376155597158
57812 0.0328877661726438
57833 0.0315200549230212
57872 0.0201427713356679
57914 0.0414846270374255
57938 0.0307791739003733
57949 0.0244987318408676
57953 0.0185872002883116
57961 0.0300853467488196
57968 0.0483010677155107
57974 0.0139975463011069
58006 0.0239387619658373
58043 0.0350903100712458
58059 0.040081554511562
58093 0.0344859809905756
58162 0.0350962079857709
58181 0.031389676569961
58207 0.0285076226544334
58230 0.0229694597626803
58272 0.0296947257913416
58283 0.0483476405934198
58335 0.0418186678376515
58370 0.0170582779188408
58371 0.0157522340421565
58405 0.0436745731451083
58421 0.0182073012023466
58476 0.0469191970565589
58484 0.0168656406080117
58487 0.0439873362047365
58507 0.0240911505854456
58539 0.0419756488845451
58545 0.0437893950933358
58583 0.0266010914347135
58584 0.0179989288386423
58652 0.0473554259166122
58664 0.0281306014803704
58687 0.0421429793321295
58692 0.029005489917472
58720 0.0485286170383915
58808 0.0430612091178773
58889 0.0385456784337293
58922 0.0369719905895181
58935 0.0345448642590782
59010 0.0461128216382349
59062 0.0339747112157056
59107 0.0212431064748671
59202 0.0217030219500884
59212 0.0163710147608072
59277 0.0487855497107375
59349 0.0162773470859975
59351 0.0390979427611455
59372 0.0244191743724514
59393 0.0468990583409322
59412 0.0156716858473374
59426 0.0404345416609431
59441 0.0207319452223601
59450 0.0363792407530127
59468 0.023886098730145
59509 0.0398044412781019
59582 0.0298499051830731
59588 0.0389337964792503
59654 0.0201938563986914
59671 0.0281456697644899
59672 0.0288519615831319
59697 0.0462036918732338
59759 0.0428256870800396
59774 0.0177376417064806
59779 0.0427728976181243
59787 0.0427891502215061
59828 0.0176046139822574
59844 0.0319469467212912
59908 0.0407607047032798
59943 0.0208643077872694
59956 0.0129161039396422
59997 0.0126739047875162
60038 0.0355010490515269
60043 0.0157890219736146
60060 0.0384611149114789
60081 0.0313428613560973
60113 0.0193223882553866
60148 0.0422045834769961
60160 0.0326365079323296
60194 0.0374302773096133
60228 0.0188308585144114
60237 0.0336132777156308
60240 0.0151356092857895
60275 0.0137035235820804
60278 0.0196845453145215
60295 0.0153225687157828
60296 0.0326629266899545
60301 0.0331764811824542
60304 0.0224779999174643
60345 0.0184982480481267
60354 0.0166294844500953
60359 0.0343331587413559
60389 0.0129782897827681
60399 0.0346514277014649
60412 0.0401823297113879
60426 0.043293821514817
60427 0.023235346909496
60466 0.0385831147403223
60473 0.018799471409875
60520 0.0314612114307238
60526 0.0274343567172764
60641 0.0471029711712617
60652 0.0172472259291681
60665 0.0490907414961839
60673 0.0302642854105216
60676 0.0255906275269808
60696 0.0323094953346299
60718 0.0155532610486262
60759 0.0136620282632066
60899 0.0327340299903881
60921 0.0139361010311404
60932 0.0376382457034197
60981 0.048341728883679
61096 0.0281504132493865
61181 0.0477830231102416
61198 0.0465255250572227
61281 0.0428098743141163
61322 0.022783408977557
61365 0.027064229932148
61367 0.0202222303982126
61370 0.032504924107343
61416 0.0402730702713598
61438 0.0496612863236805
61462 0.0411960971134249
61493 0.034427020009025
61497 0.0236838813318172
61505 0.0219428101583617
61514 0.0334741545753786
61540 0.0264666421135189
61547 0.0216371219750727
61572 0.0337800306035206
61597 0.0264826165133854
61631 0.0232222855993314
61670 0.0165410775807686
61734 0.0242958200833527
61739 0.0404486806073692
61749 0.0314431063598022
61758 0.0213872933789389
61770 0.0443775550316786
61771 0.0450699214998167
61791 0.0278506528702565
61839 0.0260107203532243
61844 0.0164132497331593
61849 0.0167597547406331
61875 0.0157249484851491
61896 0.0283326337928884
61969 0.0253469607938314
61976 0.0379014335863758
61979 0.0465365564014064
61995 0.0370197779062437
62037 0.0249708993069362
62048 0.0368536237307126
62081 0.0231399964482989
62118 0.0442951141332742
62140 0.0311608162417542
62192 0.0355278368311701
62197 0.0384817831334658
62199 0.0233797761495225
62324 0.0151151229307288
62327 0.0410979692154797
62338 0.0278599483164726
62393 0.028137772003538
62426 0.0196613987820456
62459 0.0251372300612275
62466 0.0471987101976993
62498 0.0153365784470225
62537 0.0254260264628101
62573 0.0233422885707114
62600 0.0181421397312079
62605 0.0245328692515614
62639 0.0419286823831499
62679 0.0169964086759137
62729 0.0479376373579726
62736 0.0279373928176938
62754 0.0137661405256949
62822 0.0469367310055532
62823 0.024229417272727
62849 0.032676542797708
62872 0.0411135516013019
62922 0.0260261148941936
62936 0.0243934147962136
62949 0.0292323271773057
63001 0.0151626315840986
63024 0.0312155634746887
63064 0.0293584060214926
63133 0.0222816668683663
63145 0.0458907602820545
63176 0.0367442003102042
63184 0.0462564282235689
63216 0.0426497100212146
63229 0.0443873586016707
63240 0.0407890672067879
63248 0.0257827734982129
63252 0.0386472732992843
63253 0.0225232677679742
63270 0.0315195727802347
63278 0.0314480850531254
63279 0.0476360612985445
63326 0.0342946372111328
63346 0.0427745222346857
63354 0.0457420287741115
63363 0.0129702478618128
63413 0.0482515663432423
63458 0.0324615091842134
63472 0.0493850442580879
63503 0.0359204525768291
63506 0.0312902073172154
63549 0.0460633565933676
63576 0.0381505802390166
63583 0.0183236500510247
63586 0.0397329342376906
63590 0.0248090736102313
63596 0.0276978333800798
63659 0.0419435807561968
63660 0.0295187528710812
63661 0.0263767936441582
63666 0.034137229892076
63719 0.0179330893326551
63726 0.026498538031592
63730 0.0171830749575747
63753 0.0210121021402301
63764 0.0261927546613151
63773 0.0321907507168362
63781 0.048000852324185
63784 0.0387670557771344
63811 0.0177772307564737
63839 0.0399918060575146
63848 0.0228596477769315
63854 0.0421688646747498
63866 0.0377636373159476
63870 0.0432420324359555
63918 0.0188247959769797
63923 0.0330060817592312
63929 0.014418888054206
63933 0.0344877759780502
63989 0.0261928385822102
63997 0.0407985686615575
64000 0.0385879012203077
64008 0.0370479569333838
64018 0.0421905668481486
64047 0.048940466993372
64065 0.0473888298816746
64079 0.0258441378362477
64091 0.0437870351917809
64117 0.0446719520608895
64181 0.0437282753904583
64215 0.0157193083112361
64223 0.0213628068711842
64224 0.0479342736245599
64237 0.037436822449672
64317 0.0269405277736951
64368 0.016729793601553
64451 0.0212975934380665
64475 0.0480195551877841
64476 0.0267286114190938
64519 0.0288050293398555
64538 0.0209893349761842
64556 0.0363490310701309
64566 0.0215072087506996
64581 0.0341297057515476
64618 0.0425048046163283
64646 0.0418727425538236
64688 0.0335355437448015
64701 0.028017862609704
64714 0.0411726553633343
64732 0.0300139450118877
64737 0.046538556937594
64824 0.0202543960127514
64884 0.0293198750645388
64900 0.0402813430322567
64908 0.042233066688641
64967 0.0479202852759045
64969 0.0148801901785191
64975 0.0259627362247556
65021 0.0291024426929653
65125 0.0423848614242161
65160 0.0235082843311829
65183 0.0133363705856027
65184 0.0402020596287912
65212 0.0385590952006169
65284 0.0329713879415067
65288 0.0342927633610088
65289 0.0126438114442863
65292 0.0390499965695199
65307 0.0475103558448609
65315 0.0410482420615153
65327 0.0135168717853958
65335 0.0461164033360546
65360 0.0194192856200971
65399 0.0209776612347923
65411 0.0189859507663641
65433 0.0392129470361397
65445 0.0239012838137569
65483 0.0133499779563863
65489 0.0334069847507635
65497 0.0406119044491788
65505 0.0195032428426202
65510 0.0201676558353938
65613 0.0335013047093526
65631 0.0227099547424586
65646 0.0424531456723344
65690 0.0383300794463139
65763 0.0228120768151712
65842 0.0178195616055746
65907 0.0321778485114919
66007 0.0181723238929408
66018 0.0285358695080504
66074 0.0271194142434979
66081 0.043299751158338
66109 0.0147943050746107
66137 0.0407270655297907
66139 0.0155987813515821
66140 0.0495247215061681
66152 0.0403947201615665
66154 0.0395620025490643
66159 0.0289191325573483
66160 0.0250931754999328
66191 0.0460865024360828
66195 0.0126293237088248
66272 0.0199971327150706
66273 0.029103861071053
66361 0.0491506366437534
66365 0.0399492542550433
66397 0.0417349407653091
66402 0.018729406199418
66412 0.0272590735577978
66435 0.0351462770311628
66446 0.0293998183391523
66475 0.0361600837495644
66489 0.0381114333256846
66529 0.029298612268758
66562 0.0432452414330328
66590 0.0216706390609033
66605 0.0170002320199274
66658 0.0489351390511729
66664 0.0293354746943805
66679 0.0252317054459127
66768 0.0178929236426484
66770 0.0431392675061943
66790 0.0292037768289447
66828 0.0128263952617999
66831 0.0151228015776724
66842 0.0146206350356806
66893 0.0465075786312809
66922 0.0434540738671785
66981 0.0198193103162339
66991 0.0337017733341781
67009 0.0473339118179865
67052 0.0150469044398051
67123 0.013146524046897
67155 0.0283293951360974
67176 0.0269757214380661
67179 0.025624896681984
67187 0.0230710962438025
67210 0.0337573291966692
67211 0.015878344385419
67255 0.0418088284000987
67258 0.0384048810141394
67280 0.0194268079212634
67304 0.0213930600089952
67313 0.0165938474994618
67327 0.0411181638017297
67341 0.0457056526298402
67400 0.0328868871874874
67529 0.0278223975095898
67538 0.0132539708429249
67588 0.0366569915553555
67609 0.0279766450345051
67625 0.0339265249873279
67645 0.0423268842714606
67654 0.0139165980450343
67659 0.0365001424826914
67660 0.013042036324623
67673 0.0289551169174956
67681 0.0478883392352145
67708 0.0281743159895996
67718 0.0239579419139773
67721 0.0295261586026754
67759 0.0299237969564274
67773 0.0317988111666637
67777 0.0286111065448495
67799 0.0367290968482848
67800 0.0218060935934773
67835 0.0273669498448726
67856 0.0401341260090703
67913 0.0299387183215003
67941 0.0268154642573791
67948 0.0377420091768727
67954 0.0328452258661855
67969 0.0163433505251305
67999 0.0269894327328075
68013 0.0156355881365016
68014 0.017979833271238
68052 0.031928260641871
68137 0.0366752274509054
68143 0.0129015867743874
68172 0.032309312777943
68182 0.044761926526553
68199 0.0410095225699479
68223 0.024256578902714
68233 0.0448934188432759
68241 0.0140950656001223
68272 0.0127682442893274
68288 0.0490252896357561
68307 0.0169016704923706
68313 0.0466992884437786
68336 0.026937409825041
68421 0.0213700008462183
68434 0.0388761069567408
68462 0.0301219992572442
68483 0.0422045131213963
68493 0.0270385230076499
68501 0.0248069346620468
68520 0.0223176629544469
68525 0.0234368041914422
68530 0.0464239495049696
68543 0.0127488836238626
68592 0.0361949235666543
68610 0.0330347312032245
68611 0.0435119937697891
68635 0.0491963441018015
68655 0.0134057448856765
68662 0.0327178440638818
68687 0.028541999871959
68713 0.0302540601667715
68727 0.0423678682476748
68739 0.0355617946741404
68769 0.0234226696135011
68790 0.0213607509242138
68796 0.03029465971631
68803 0.0397299367672531
68827 0.0316947575338418
68836 0.013785085035488
68894 0.0158610461046919
68935 0.0199732090521138
68953 0.0391790064371889
69053 0.0131123236380517
69060 0.018378413838218
69071 0.0153227052884176
69080 0.0303923841041978
69113 0.01287888007937
69146 0.0463391443365253
69157 0.0389534121262841
69172 0.0152056471357355
69238 0.0437945922109066
69245 0.0207945336558623
69246 0.0496687166567426
69249 0.0189684913115343
69291 0.0372668302152306
69320 0.0163318549719406
69369 0.0292111170332646
69384 0.0441336829797365
69397 0.0399022810859606
69446 0.025809802004369
69449 0.0391185054497328
69470 0.0497566885169363
69481 0.0480574058106868
69519 0.0267010938725434
69563 0.0352456853550393
69578 0.0465487375768134
69610 0.0127071850554785
69653 0.0273843840084737
69656 0.0384318545693532
69657 0.0162083123781485
69750 0.0134152603655821
69788 0.0203938709310023
69807 0.0485476348927477
69820 0.0127609365037642
69851 0.0490592129906872
69862 0.0202247638895642
69872 0.0192025471478701
69873 0.0294471092580352
69878 0.0433146453928202
69883 0.0391253170673735
69884 0.019983009173302
69911 0.0489920452353545
69940 0.0237925685476512
69966 0.0230084351554979
69969 0.0322980678378372
69980 0.0191951809625607
69990 0.016638433636399
69991 0.0149323931138497
69995 0.0363496739271795
69996 0.0497990152274724
70010 0.0300286371464608
70049 0.0381783228775021
70079 0.0134561604209011
70106 0.0343327483336907
70126 0.0139371285447851
70132 0.046369134215638
70143 0.0136353434878401
70151 0.0436211297899717
70161 0.0223863111663377
70192 0.036269686507876
70243 0.0464824334019795
70255 0.0344503495580284
70277 0.0191039980360074
70351 0.0342461081716465
70379 0.0271619936364004
70407 0.0242114618798951
70428 0.0388664082303876
70486 0.0349579829140566
70492 0.0304545310907997
70497 0.0291863373771776
70507 0.0457828899729066
70508 0.0155596532917116
70524 0.0281245389429387
70534 0.0435051830718294
70557 0.0157733678526711
70574 0.0331522701191716
70620 0.0481942154932767
70670 0.0437204521236708
70719 0.0149591027206043
70740 0.013719769747695
70761 0.0188834129978204
70764 0.0478717387624783
70777 0.0226227078208467
70791 0.0298361104272772
70802 0.0212503455142723
70863 0.0421470893867081
70879 0.0168009362183511
70892 0.04880811086623
70934 0.0179703819390852
70947 0.0237190005020238
70952 0.0364062961598393
70954 0.0465902080642991
70969 0.0374928579258267
70970 0.030832860051305
70972 0.0369022983097238
70985 0.027773879506276
70995 0.0173682456079405
71023 0.0285940112837125
71076 0.0170419094356475
71079 0.0185707800730597
71139 0.0168509045586688
71148 0.020870356989326
71198 0.0152081123407697
71200 0.017993497432326
71214 0.0189496675098781
71232 0.0129687660257332
71260 0.0330098577396711
71269 0.0391269941057544
71322 0.0198385079682339
71327 0.0409666921041207
71348 0.046250621357467
71393 0.0336838917457499
71408 0.0382813733682269
71418 0.0246299668768188
71421 0.0457671510113869
71453 0.0348332914087223
71462 0.0323035224660998
71468 0.0415512409148505
71486 0.0464587394293631
71503 0.0405140986695187
71524 0.0363834393268917
71605 0.0240211161843035
71652 0.0471074224275071
71690 0.029240196198225
71718 0.0321413895959267
71781 0.029190561932046
71825 0.0256088723894209
71843 0.0344016002549324
71848 0.0170001209684415
71907 0.0141899796726648
71932 0.0459483953134622
71959 0.0403305172279943
71982 0.023272149785771
71993 0.0210836809157627
72009 0.0442699203907978
72037 0.027903945397702
72134 0.0150763721700059
72140 0.027862926243688
72153 0.042118277848931
72184 0.0427876313682646
72188 0.0286717270908412
72196 0.0293231863761321
72252 0.0312577529228292
72276 0.0452420053188689
72293 0.0427148526388919
72299 0.0204789952287683
72339 0.0344848766835639
72350 0.0201567700307351
72411 0.0344493606709875
72425 0.0380781293759355
72437 0.0357296380738262
72463 0.0352352729561971
72469 0.0451767293474404
72514 0.032120695852791
72542 0.0407907621789491
72591 0.0251684141461737
72621 0.0477588879206451
72647 0.0491260114940815
72665 0.0456104959914228
72696 0.0196373406157363
72734 0.0380096021021018
72764 0.0316117055073846
72768 0.0339146990387235
72770 0.0333698167611146
72775 0.0194422024622327
72824 0.0451679220219376
72859 0.0264009154983796
72871 0.0262918199441629
72924 0.034070854212041
72953 0.0165924622298917
72999 0.0276668242644519
73021 0.0161167091573589
73057 0.0376441475265892
73108 0.0416737054125406
73174 0.0366779887932353
73178 0.0159254007856362
73190 0.0362523971940391
73209 0.0389952677302063
73223 0.0467342880554497
73356 0.0173837583279237
73361 0.0433686971169664
73383 0.0488349195686169
73413 0.0249640755035216
73417 0.0217236823547864
73448 0.0125996472110273
73462 0.0195486405980773
73480 0.0385894915787503
73527 0.0445081529585877
73556 0.0281449101079488
73558 0.0263144974393072
73578 0.0358914766460657
73587 0.0497385445894906
73592 0.0368556943925796
73628 0.0445565824426012
73655 0.0304421257431386
73695 0.0283930595964193
73772 0.0495392129203538
73779 0.034316304436652
73782 0.0347219019400654
73787 0.0277985110937152
73805 0.0190629386459477
73844 0.0220484677149216
73869 0.0419002633192576
73872 0.013732921416522
73916 0.03348373696208
73976 0.0318977389571955
73999 0.0296489263651893
74066 0.0261909670312889
74069 0.0387765294115525
74106 0.0235030736483168
74112 0.0457217656716239
74154 0.0246432194806403
74184 0.0182029389252421
74262 0.0449626282905228
74295 0.0422331165813375
74324 0.0309411895112135
74331 0.0143974541977514
74378 0.0425755952252075
74384 0.0209349838958588
74388 0.0264220913843019
74405 0.0184718194039306
74429 0.0170668626815313
74434 0.0359645319695119
74457 0.0361522092105588
74542 0.0206184747454245
74644 0.0179368078330299
74652 0.0275327573006507
74711 0.016041607313673
74732 0.0333460889902199
74756 0.0374363269715104
74769 0.0415797650523018
74774 0.0238323854486225
74783 0.0431286734703463
74786 0.0145079511159565
74799 0.0403010083420668
74834 0.0264110561314737
74867 0.0460763732990017
74872 0.0252228539757198
74876 0.0469762653345242
74891 0.0429423532186775
74899 0.0248718475893838
74916 0.0316459836292779
74925 0.0433385745738633
75024 0.0204793773562415
75026 0.0300200581317768
75057 0.0217411739984527
75081 0.0374705554306274
75088 0.0402871039143065
75106 0.0498546347778756
75131 0.0291659659822471
75158 0.0352173863095231
75181 0.019826292534708
75190 0.0386356574977981
75208 0.0211921943118796
75216 0.0306975425512064
75224 0.0384781313099666
75242 0.0389776763011469
75265 0.0438742368191015
75275 0.0253990586556029
75321 0.0204037600313313
75356 0.0217797077144496
75421 0.0346640746953199
75466 0.0219686345721129
75486 0.0318307514593471
75563 0.0288539326895261
75568 0.0287757535930723
75590 0.0447586223424878
75602 0.0247407532646321
75607 0.0499658952612663
75640 0.0495843750075437
75675 0.0179665335337631
75733 0.0447807556163752
75780 0.0209030877478654
75781 0.0337321791390423
75794 0.0405843696586089
75804 0.025943068615743
75845 0.0220751446729992
75846 0.0432684006111231
75907 0.0256507645506645
75908 0.0286446673155297
75921 0.0302110765740508
75983 0.0217911972897127
76080 0.0435099467897089
76110 0.0275547064084094
76112 0.0445052939001471
76128 0.0357646176824346
76143 0.0424293431773549
76170 0.0221044654841535
76172 0.0494013504328905
76201 0.0163878633175045
76228 0.0448230287554907
76236 0.0211623295093887
76290 0.019588583035511
76320 0.0221964791126084
76329 0.0134783826739294
76362 0.0151150256744586
76366 0.0213376227853587
76371 0.0480311682302272
76372 0.0443367706262507
76383 0.0366994925454492
76389 0.0456988915946567
76394 0.0237161825993098
76407 0.032537853057147
76419 0.0397118041059002
76453 0.0155479108041618
76477 0.0289390687132254
76491 0.0313257037865697
76502 0.04702588787477
76524 0.0336421998450533
76547 0.0447991667111637
76563 0.0159305015666178
76598 0.0268232075119158
76605 0.0320241376204649
76655 0.0292196742055239
76703 0.0406020355818328
76705 0.0231003211782081
76752 0.0347288574877894
76788 0.0212224656133913
76849 0.0429884409648366
76862 0.047175085201161
76867 0.0210437688278034
76881 0.0280866782035446
76909 0.0221701454254799
77004 0.0433429251250345
77011 0.0302907922276063
77019 0.0490341827215161
77029 0.0172373972978676
77036 0.0419252724357648
77067 0.0198167522234144
77109 0.015977365753497
77116 0.0414505174470833
77132 0.0208458028850146
77139 0.0299102760356618
77140 0.0466108270833502
77248 0.0375833954662085
77267 0.0348171066318173
77301 0.0132090239610989
77308 0.023964427044848
77314 0.0157041009253589
77323 0.0160600625531515
77371 0.0411724560224684
77411 0.0395957900211215
77461 0.0161183307849569
77463 0.0171987166628242
77483 0.0421399280603509
77486 0.0324627358088037
77560 0.0302029144047992
77609 0.0358119051525136
77624 0.0309624865651131
77700 0.028938365157228
77782 0.0468271077843383
77797 0.0190847097954247
77802 0.028791671662475
77804 0.0292470085056266
77835 0.0391841203236254
77843 0.027935387683101
77929 0.0449124072678387
77941 0.0187920969474362
77957 0.0127264673181344
77991 0.0459673083241796
78025 0.0482709690841148
78097 0.0364480089832796
78098 0.0157255193771562
78115 0.0408157039288199
78148 0.0366991837625392
78149 0.0486193509306759
78206 0.046382662493852
78218 0.0467934184882324
78222 0.0395577414368745
78286 0.029355793207651
78289 0.0354958611307666
78311 0.0473437988490332
78375 0.039290845170035
78409 0.0304527140309801
78411 0.0354716546658892
78413 0.0367071461310843
78422 0.031658816858544
78434 0.0223477999825263
78480 0.0188978531397879
78498 0.0331316214404069
78522 0.0159281701751752
78526 0.0387678253202466
78543 0.0173775833594846
78546 0.0419143693870865
78597 0.0440075767750386
78788 0.0166163964691805
78865 0.0299462284368929
78869 0.0295283846906386
78881 0.0428109013679205
78908 0.0375258802232565
78911 0.0389929793338524
78918 0.0205895424995106
78933 0.0388001928047743
78970 0.0405090677842963
78984 0.0142681507219095
78987 0.0307237870292738
79028 0.0137041544832755
79071 0.0311240317591
79081 0.0243871867161943
79103 0.0184432120353449
79108 0.0181290954351425
79131 0.0249482064071344
79167 0.0386680599302053
79186 0.0244152620492969
79230 0.0246766379306791
79278 0.0174584014806896
79287 0.0188068684044993
79316 0.0288581997796427
79320 0.0320314042503014
79331 0.0452638199232751
79361 0.0259977517009247
79368 0.0429369983758079
79381 0.0216258158761775
79382 0.0416205880843336
79385 0.0241480993048754
79409 0.0398998878459679
79456 0.0284912477334728
79468 0.0449724010512
79487 0.0162319125432987
79511 0.0355507058498915
79552 0.0328012800571742
79599 0.0193534389865818
79617 0.0497682741988683
79623 0.0193433622713201
79627 0.0393126462091459
79637 0.0446658467582893
79662 0.0215483867796138
79683 0.0272849336091895
79698 0.0224150544177974
79712 0.0308004104852444
79723 0.0190849771926878
79732 0.0469298359268578
79734 0.0192095279868227
79770 0.0207335645507555
79812 0.0261658597388305
79823 0.028674183099065
79832 0.0367216290382203
79839 0.0287713837285992
79852 0.0254044068307849
79903 0.0488596548500937
79924 0.0354055553500075
79960 0.0187020640820265
79970 0.037800859566778
79992 0.0129188788472675
80025 0.0387310829130001
80100 0.0456008039327571
80128 0.0285372848971747
80203 0.0463803699589335
80236 0.0286738264927408
80362 0.0487647600908531
80381 0.0211904264549958
80397 0.029497799318051
80416 0.0360370768699795
80434 0.0244988332357025
80564 0.0336843571043573
80649 0.0168807859154185
80696 0.0126636452856474
80715 0.0300618686713278
80798 0.0162296372523997
80805 0.0315763122722274
80823 0.0261208493990125
80849 0.0283588322869036
80868 0.0409783513605362
80876 0.0473803065076936
80879 0.0348834567907034
80881 0.0173057105159387
80897 0.0161062027211301
81000 0.0498776985390578
81026 0.0343355266901199
81146 0.0226031011407031
81164 0.0324432217865251
81216 0.0449151251552394
81262 0.0398584077018313
81299 0.0247462262865156
81319 0.0293652210879372
81326 0.0211716877238359
81336 0.0319994023389882
81367 0.0389981056359829
81401 0.0292196330497973
81423 0.0136330261215335
81428 0.0390812820493011
81461 0.0197933796793222
81501 0.043756634905003
81538 0.0467006484221201
81584 0.0495735894481186
81609 0.0330782242992427
81612 0.0387579394388013
81724 0.0445538394938922
81735 0.0278071133303456
81756 0.0128792950854404
81760 0.0175384670728818
81806 0.0211765889340313
81836 0.0229187014163472
81845 0.037750437593786
81942 0.0185905281541636
81993 0.0405595847143559
81994 0.0456431607628474
82018 0.045876043086173
82030 0.0244547446462093
82041 0.0127022771775955
82044 0.0439327887725085
82060 0.0362551730213454
82066 0.0218780494382372
82085 0.0273163453151938
82092 0.0162952817860059
82122 0.0174570619652513
82126 0.0463650377263548
82147 0.043634974208544
82234 0.0127793526567984
82261 0.0160694789374247
82305 0.0150274168583564
82365 0.0493883833900327
82367 0.0470609810639871
82380 0.0193212278478313
82429 0.0303735248948215
82447 0.0476586222241167
82459 0.028253115870757
82505 0.033926187234465
82523 0.0436006995354546
82525 0.0365041697659763
82549 0.0482467295107199
82559 0.044245873260661
82631 0.0297325145656941
82703 0.0342924911354203
82805 0.0146828197292052
82815 0.0137837039044825
82826 0.0351303727569757
82832 0.0387925916409586
82840 0.0456125609052833
82842 0.029884147667326
82877 0.0165096994431224
82878 0.0213917805027449
82903 0.02616486234474
82931 0.0262368122115731
83086 0.0428537460888037
83089 0.0208645186241483
83099 0.0478756499360316
83100 0.0393841810699087
83126 0.0196773258183384
83127 0.0426711006526602
83214 0.0409489505371312
83225 0.0366102237050654
83288 0.0216508118872298
83303 0.0401769567048177
83316 0.0151361208583694
83376 0.0434950346214464
83504 0.0209921731118811
83524 0.0389897615998052
83578 0.0426873640622944
83589 0.0452589198626811
83613 0.0280777607462369
83616 0.0171595729683759
83627 0.024016493637464
83671 0.0432738041970879
83684 0.0319299335416872
83685 0.0240242217172636
83735 0.0233278877451085
83755 0.0439371248387033
83764 0.0245183888735482
83822 0.0284438466827851
83844 0.0323778945428785
83857 0.0376072221028153
83887 0.0335716839908855
83911 0.031573887533159
83929 0.0441917001386173
83940 0.0185960986622376
83960 0.0157246309652692
83971 0.0345922482956666
83986 0.0146488800499355
83992 0.0347289025521604
84009 0.0173582222341793
84028 0.0154073706653435
84034 0.0486978309927508
84062 0.028171089978423
84067 0.0422523576882668
84072 0.0182390883681364
84084 0.0186567801370984
84112 0.0399553515104344
84153 0.0213456125144148
84171 0.0483040302380687
84178 0.0225105044344673
84221 0.0352684237790527
84225 0.0299362696707249
84241 0.0419755681825336
84242 0.0397056521294871
84289 0.0423061496025184
84365 0.0241160171513911
84373 0.0412126302195247
84393 0.0303986866783816
84398 0.0475663200457348
84437 0.0199505993834464
84489 0.0347942072636215
84520 0.0456348360399716
84533 0.0175136363744969
84534 0.0380646075354889
84613 0.0425537567090942
84635 0.0480106151982909
84637 0.045246515434701
84643 0.0265439413051354
84663 0.0175317458139034
84690 0.0293740026623709
84695 0.026817548024701
84703 0.032291106772027
84724 0.0321293636166956
84749 0.0358224267634796
84787 0.0286560711305356
84798 0.0203687192639336
84813 0.045363780745538
84891 0.0260300626250682
84914 0.0128453190787695
84944 0.0410812222835375
84967 0.0352000243408838
84976 0.0342077218345366
84980 0.0237069087655982
84986 0.0452972020459129
85010 0.0472055243444629
85031 0.0131055513367755
85037 0.0334067826508544
85062 0.0424982353346422
85065 0.0198101617890643
85073 0.0260328676522477
85116 0.0479253147816053
85129 0.0156074003723916
85131 0.0446876657311805
85203 0.0193441945826635
85215 0.0387714750744635
85225 0.0254991969763068
85228 0.0237788135680603
85271 0.022250286891358
85280 0.0215546530263964
85323 0.0236692563339602
85436 0.0377678363496671
85447 0.0424730820581317
85545 0.0298161390936002
85563 0.020660213319934
85567 0.0396174696623348
85708 0.0359588253486436
85718 0.0482227511267411
85725 0.049268235109048
85731 0.0439722115901532
85737 0.0434604516252875
85762 0.0388104031037074
85765 0.0456967760983389
85796 0.0211906766082393
85866 0.0350041805621004
85907 0.0211211710236967
85933 0.0285662541602505
85961 0.0447278031409951
85989 0.0387073887104634
86005 0.015119532571407
86013 0.0193808183510555
86023 0.047071539692115
86024 0.0168391597719165
86032 0.0130104135518195
86091 0.0318205160991056
86165 0.0420859476114856
86189 0.0160367212782148
86193 0.0340461458312348
86204 0.0282251366443234
86235 0.0367433820239967
86270 0.0194980110070901
86310 0.0278354850306641
86314 0.0261510379292304
86367 0.0474228976265294
86379 0.0386473735445179
86400 0.0454423171380768
86416 0.0359201033279533
86418 0.0283385213610018
86443 0.0291278886579676
86463 0.016779059995315
86472 0.0300499137374572
86495 0.0284610663307831
86517 0.0443557756050723
86541 0.0245436129654991
86601 0.0389852843625704
86667 0.039038453422836
86780 0.0176395816350123
86814 0.0137278116686502
86818 0.0476211026863893
86865 0.023603655025363
86874 0.0263910454814322
86899 0.0256739223492332
86911 0.0480833313893527
86925 0.0494054547394626
86933 0.0334800019074464
86942 0.0423098598257639
86979 0.0324834095488768
86995 0.0154167521017371
87019 0.0257070614461554
87024 0.0478781556070317
87057 0.0453656242461875
87097 0.0375436519098002
87213 0.0239676438592141
87240 0.0189523847075179
87265 0.0304791348578874
87279 0.0393953039223561
87301 0.0433224254345987
87305 0.0379034561949084
87353 0.0377001961081987
87366 0.0145637674781028
87399 0.0225481281260727
87418 0.0158518536627525
87489 0.0407017324556364
87491 0.0326697339391103
87541 0.0144062001345446
87592 0.0469292576774023
87608 0.0480515412345994
87652 0.0373956340743462
87660 0.02767515979358
87691 0.0361753539036727
87733 0.0316879730467917
87773 0.0430548658478074
87780 0.0490739412227413
87782 0.028615305578569
87850 0.0420635632646736
87881 0.0136123429547297
87882 0.0275402430444956
87896 0.0348231785959797
87984 0.0462205730786081
87988 0.0415153407055186
88056 0.0219170393160312
88101 0.0441193899867358
88122 0.0466617493628291
88146 0.0417939433624269
88154 0.0468470701511251
88176 0.0127278456900967
88211 0.0306731841090368
88218 0.0249155480734771
88224 0.0296554349479266
88279 0.0273967132525286
88306 0.0284710984415142
88362 0.0394499561982229
88373 0.0361088524572551
88402 0.0402845042059198
88422 0.0346056400012458
88441 0.0376026126614306
88517 0.0276580909732729
88538 0.0497861187701346
88542 0.0417905950336717
88552 0.0159383827733109
88558 0.0294328921387205
88577 0.0416851122165099
88590 0.0226117123442236
88629 0.024398309798562
88690 0.0430972813075641
88759 0.0145095773419598
88761 0.0298097565071657
88785 0.0388763633178314
88795 0.0219260101148393
88803 0.0368661656510085
88838 0.0432170161919203
88889 0.0230341609334573
88896 0.0241905522416346
88924 0.0394606668036431
88950 0.0150178482668707
88955 0.044191162585048
88956 0.02464089015848
88997 0.0319178565201582
88999 0.045764015588793
89023 0.0259416580549441
89043 0.020749543319107
89072 0.0485283004381927
89086 0.0309205314057181
89099 0.0425307676719967
89110 0.0143987773888512
89140 0.015721690285136
89180 0.0422216913837474
89205 0.0187865772517398
89216 0.0189755634288304
89238 0.0422280617844081
89239 0.0276245359505992
89271 0.0315515831985977
89289 0.0206397407600889
89319 0.0137193361180834
89343 0.0439049603737658
89364 0.0414440920954803
89370 0.0371641069010366
89435 0.0428665206884034
89467 0.0149854127259459
89498 0.0429610457358649
89625 0.0262668400275288
89627 0.044563020899659
89634 0.0218222112336662
89635 0.0222050342155853
89641 0.0449710229091579
89654 0.0368143694446189
89679 0.0261474858911242
89702 0.0338519620767329
89738 0.0143524406390497
89765 0.0440510553860804
89826 0.022142568329582
89936 0.0295778897416312
89969 0.0255945860641077
90022 0.0183685465803137
90030 0.0170090483123204
90039 0.019761866578483
90041 0.0486334110144526
90077 0.0175047603028361
90142 0.0136887778760865
90148 0.022535336742294
90204 0.0443859468912706
90253 0.0459168594505172
90300 0.0475626137311338
90312 0.0321890072315
90344 0.0355959776090458
90374 0.0402409533999162
90384 0.0239041874767281
90385 0.0132166212162701
90394 0.0213799642107915
90395 0.0268780099257128
90461 0.0220914855657611
90472 0.0488823590159882
90511 0.0159371621266473
90513 0.0320225281786406
90525 0.0233885671506869
90527 0.0319516196206678
90549 0.015542675749748
90600 0.0208276352757821
90611 0.0329875294934027
90642 0.0364204466022784
90650 0.0389734223164851
90687 0.0180490234051831
90744 0.0364487725484651
90764 0.0345938581973314
90807 0.0175231690984219
90836 0.0458076592825819
90852 0.0322375171876047
90906 0.0275590093660867
90938 0.0137569699261803
90944 0.0453661500738235
90956 0.0310478345752927
90962 0.022989029425662
90976 0.0344071137427818
91025 0.036017097948934
91044 0.0354215065279277
91058 0.0314117268426344
91089 0.0260689853661461
91101 0.0361198408063501
91158 0.0158227620820981
91165 0.0337786901684012
91175 0.0469339052855503
91208 0.0241195701091783
91253 0.021959196345415
91320 0.0166440326545853
91361 0.0182073032716289
91396 0.0299665320053464
91404 0.0393052471452393
91431 0.0316603603132535
91471 0.0319430284202099
91508 0.0265667176659917
91509 0.0441242916567717
91527 0.0290294319740497
91552 0.0417860991728958
91581 0.0170219886844279
91582 0.0470848143682815
91633 0.0360040170955472
91675 0.0167375524906674
91685 0.0367928344232496
91717 0.0484407431242289
91806 0.0171390758070629
91819 0.0175103809335269
91845 0.03989233772445
91876 0.0329217750579119
91883 0.0200670549151255
91886 0.0258880436391337
91911 0.0249651782010915
91936 0.0476852994121146
91937 0.0440075816033641
91967 0.0499722424399806
91982 0.0217473418393638
91999 0.0300554916029796
92044 0.0312037103954935
92055 0.0275475043861661
92057 0.023697319481289
92061 0.0456685051030945
92122 0.0317659498134162
92154 0.0223094915883848
92168 0.0464809547847835
92190 0.0311304384871619
92210 0.0491087447124301
92228 0.0186229882965563
92250 0.0265829859039513
92272 0.0255604879697785
92276 0.0423167889326578
92342 0.0416996983578429
92346 0.0287199770071311
92352 0.0471780628984561
92369 0.042418411388644
92461 0.0281891978083877
92504 0.0474430604837835
92507 0.0465701744222315
92511 0.0428804161492735
92515 0.0473725938325515
92580 0.0180516182852443
92621 0.0283238786592847
92638 0.0492539775237674
92658 0.0198164227476809
92679 0.0453110496833688
92725 0.0401562293933239
92755 0.0485815016872948
92760 0.0424225527123781
92800 0.0209549041872378
92815 0.047095271141734
92818 0.0301933874288807
92865 0.0210418738250155
92877 0.0210471164667979
92887 0.0361296404676978
92890 0.0349212487839395
92915 0.0207098473561928
92946 0.0469257461052621
92996 0.0445518003311008
93039 0.0406027023505885
93089 0.0174649250082439
93120 0.0227521120017627
93150 0.0234642240218818
93176 0.040572543250164
93239 0.0172075757203856
93254 0.022862361065927
93288 0.0450957564898999
93321 0.0394148356484948
93333 0.0133630298398202
93439 0.0453003951784922
93529 0.0307605188601883
93545 0.0423735417600255
93564 0.0158620529255131
93617 0.0218381368904375
93650 0.0420337354793446
93662 0.0201003738096915
93703 0.0452777965459973
93731 0.0472757001465652
93835 0.0264358219923452
93937 0.0442105476220604
93965 0.043544859031681
93984 0.0288371547183488
94014 0.0189175878855167
94031 0.0132679985079449
94048 0.0471036901319167
94053 0.047588925115997
94083 0.0298987945076078
94097 0.0449042724590981
94204 0.0380079565627966
94231 0.0389824680692982
94373 0.026859385924763
94481 0.0347476891067345
94496 0.032076384240645
94524 0.0337706919322955
94574 0.0345024894952076
94617 0.0479217121610418
94619 0.0236599919269793
94632 0.0491764589882223
94635 0.0149436642648652
94637 0.0413383664825233
94657 0.0232437615311937
94690 0.0317511841043597
94707 0.0301762928575044
94795 0.0365714485727949
94807 0.0331592649832601
94821 0.045934302121168
94909 0.0492666504986119
94939 0.0427372730831848
94964 0.0158347365591908
94993 0.0303993056237232
95005 0.0490563999162987
95038 0.035305921244435
95089 0.0179125776863657
95097 0.0405948278115829
95135 0.0489651326090097
95168 0.0446351924096234
95200 0.0426180679351091
95226 0.0247661114000948
95303 0.0410201800637879
95331 0.0490415374108124
95342 0.0438859441288514
95350 0.0369981297641061
95361 0.0319577817135723
95375 0.0353271863394184
95406 0.0260996850091033
95408 0.0141573335247813
95438 0.0136118463269668
95462 0.0129054738063132
95488 0.0383349261654075
95520 0.0450237755838316
95538 0.0159119876974728
95619 0.0312407682533376
95621 0.0380741108296206
95630 0.0414009710104438
95643 0.0306101613561623
95666 0.0196671571349725
95802 0.0301614770258311
95804 0.0290332465810934
95817 0.0217161094711628
95845 0.0267277666920563
95867 0.0465219155390514
95880 0.0232114004844334
95887 0.016991181668709
95897 0.0472301467350917
95909 0.0141277591115795
95931 0.0352752328675706
95942 0.0390037218981888
95977 0.034910466443398
95995 0.0473459203232778
96009 0.0167165198450675
96045 0.0374831617285963
96072 0.0354358524025884
96098 0.038272701005917
96100 0.0421704575623153
96107 0.0238293780916138
96213 0.0210341232130304
96261 0.0445886326371692
96326 0.0294103059219196
96327 0.0145862118341029
96365 0.0330250345461536
96380 0.013013529201271
96396 0.0346901996148517
96398 0.0406585637771059
96408 0.0249267369130394
96412 0.0466947863751557
96418 0.024956108306651
96458 0.0253284202539362
96469 0.0184360983024817
96470 0.0448928169120336
96538 0.0225960071809823
96550 0.0323225334228482
96595 0.0227687145437812
96598 0.0331106039695442
96660 0.0424741088820156
96761 0.0441163430834422
96771 0.0160209165595006
96811 0.0277104063396109
96851 0.0170364095130935
96852 0.0306224030005978
96911 0.0426040531456238
96985 0.0250047318433644
97011 0.0284143826313084
97035 0.0487059726990992
97069 0.0234419815358706
97085 0.0372556043585064
97123 0.0418341104319552
97137 0.0219477063103113
97149 0.0319598197267624
97153 0.03387886803539
97193 0.0329525997774908
97216 0.0270635988010326
97220 0.0445843926776433
97248 0.0195603166386718
97261 0.0407775127940113
97269 0.0355199664307293
97289 0.0329362262360519
97302 0.0254440538206836
97310 0.0317312808270799
97313 0.0372239974502008
97334 0.0187557435652707
97365 0.0470161272998666
97379 0.0153882164682727
97466 0.0132540096994489
97494 0.0238289384840755
97505 0.0169627499592025
97514 0.0342846890212968
97523 0.0325023411831353
97567 0.0365131504513556
97593 0.0159939505916555
97611 0.0182241366535891
97629 0.0269762760057347
97633 0.0418945601471933
97634 0.0418295904295519
97681 0.0185703997849487
97752 0.0482772654504515
97881 0.0188402836356545
97886 0.020576049858937
97890 0.0496513921651058
97916 0.0344331266911468
97923 0.0301632818998769
97965 0.0390680701413657
97989 0.0375927325279918
97997 0.0207237515540328
98073 0.0464180810202379
98079 0.0317258496506838
98100 0.0375316489225952
98108 0.0162755829078378
98132 0.0363534432399319
98144 0.0284418960392941
98257 0.0435374650260201
98317 0.0384400726092281
98324 0.0343098489654949
98331 0.0210311468952568
98334 0.0157436948036775
98347 0.0137027321965434
98359 0.014504167548148
98381 0.0140126224025153
98411 0.0231497312721331
98416 0.0413889779098099
98424 0.0206600939913187
98434 0.0309325491078198
98458 0.0137461767793866
98497 0.0220605571521446
98507 0.017999734939076
98553 0.0339978644158691
98554 0.0421122171508614
98573 0.0408634411229286
98583 0.0438803701719735
98659 0.0483062296552816
98663 0.0238400528294733
98665 0.0430423356534448
98689 0.0168423370399978
98713 0.0382165912655182
98724 0.0433662022522185
98783 0.04453628094343
98802 0.0215761105646379
98807 0.0215468053880613
98902 0.019818141401629
98954 0.0312554875185015
98958 0.0446815040981164
99029 0.0128844689810649
99041 0.0171073895762675
99050 0.0477167058299528
99051 0.0305042504274752
99126 0.049778101220727
99147 0.022217739149346
99174 0.0401578197517665
99180 0.0223381619551219
99191 0.0293677476816811
99202 0.0248643875966081
99245 0.0333643200574443
99361 0.0364348899631295
99383 0.0399752947938396
99392 0.0375955007679295
99397 0.0487652275187429
99411 0.0442346239520703
99432 0.0397467600327218
99455 0.0467914138134802
99478 0.0495013949461281
99491 0.0206866663356777
99513 0.0410396885679802
99530 0.0169426632055547
99566 0.0219578768330393
99567 0.0326601694861893
99578 0.0214094264229061
99588 0.0378213564981706
99597 0.035593856824562
99647 0.0198201164166676
99732 0.0214078767603496
99796 0.0130639056500513
99820 0.0131726735678967
99866 0.014437971895677
99871 0.038877637765836
99879 0.0165369178634137
99891 0.0150101103004999
99899 0.0392837709834566
99929 0.0286509519559331
99942 0.0467758921266068
99963 0.0209129761584336
