0.42 3165 30 29 36 28 33 21 26 36 26 33 34 41 23 26 38 37 38 33 24 40 44 29 37 30 38 39 32 30 30 28 31 27 32 34 40 36 38 35 36 16 43 22 30 37 44 33 30 36 30 31 31 33 24 38 30 26 22 28 33 28 26 27 37 26 27 37 29 21 32 27 32 24 30 31 19 29 27 33 25 39 46 43 33 37 32 26 33 30 37 26 32 33 33 38 32 41 61 38
34 29 25 15 29 27 32 39 43 37 40 22 25 35 31 34 23 52 16 43 48 34 24 32 27 50 32 23 24 37 42 31 30 15 25 30 30 35 39 25 31 40 26 34 32 18 46 26 28 23 21 32 34 38 26 29 21 29 27 27 30 27 28 22 25 21 34 23 29 35 34 32 32 26 26 22 35 26 25 38 28 37 17 23 42 26 25 35 30 28 27 22 29 34 23 25 38 21 34 34
30 28 30 23 35 35 33 27 33 23 33 31 32 34 36 33 30 30 28 36 29 36 31 31 27 33 32 30 25 31 22 28 31 25 27 17 30 20 26 36 31 29 32 34 25 33 23 32 43 38 29 32 27 33 32 39 32 24 32 42 29 47 27 17 20 29 35 31 42 33 35 31 26 37 36 30 22 34 30 27 24 32 24 40 23 34 38 20 31 27 41 36 39 27 23 40 24 28 21 25
20 38 30 30 29 29 39 38 38 33 30 22 24 36 28 25 24 40 31 43 29 28 37 33 27 32 39 28 29 37 26 26 36 27 27 37 34 40 31 33 28 25 37 27 30 32 30 36 21 33 27 30 29 20 29 37 35 31 26 33 38 45 32 28 43 24 32 31 27 27 19 37 36 37 31 27 27 36 30 28 30 37 37 29 33 21 36 27 24 28 35 25 30 26 24 13 29 29 30 31
29 25 25 31 24 20 28 23 30 25 28 30 26 27 38 27 32 26 35 34 26 29 27 30 36 33 31 37 26 28 31 32 26 37 29 29 16 25 43 22 20 18 21 24 27 38 32 23 6 27 29 22 25 26 27 19 33 42 33 35 34 36 36 25 29 32 39 32 29 31 28 32 23 29 34 27 29 18 33 33 37 23 22 28 34 28 21 31 17 33 29 33 37 25 22 28 33 30 21 33
28 22 25 30 25 30 36 32 37 21 29 33 41 27 38 25 31 32 33 35 29 25 40 40 31 22 25 24 22 34 39 31 48 34 30 31 20 30 40 22 27 7 28 34 27 29 21 20 24 33 35 20 39 35 49 34 29 20 22 26 19 30 21 33 25 36 29 40 23 22 31 20 21 24 26 19 13 34 25 23 25 25 34 26 19 37 26 31 37 3 29 36 29 34 28 36 28 28 21 31
31 23 37 26 34 28 45 37 23 25 34 36 28 29 27 22 36 27 39 46 36 28 34 26 23 30 32 37 18 40 30 30 37 32 30 30 36 36 23 26 24 23 26 33 20 27 36 20 28 28 35 41 31 26 33 27 34 22 21 21 32 34 30 21 14 19 29 23 21 15 31 35 20 35 16 23 32 24 33 36 30 25 22 31 33 17 22 34 36 20 23 25 25 36 19 22 15 27 28 35
28 21 28 16 26 23 34 25 23 29 19 22 25 29 31 36 31 30 29 29 33 36 23 22 21 24 28 35 28 28 22 22 23 28 27 34 27 20 24 19 28 24 29 26 27 32 34 25 48 31 26 46 19 34 33 30 29 21 22 29 20 32 32 33 37 31 23 21 19 33 17 30 20 23 34 31 35 32 24 26 22 29 23 24 25 26 20 26 25 30 29 38 34 26 21 37 31 30 37 27
35 40 32 36 33 31 41 28 42 28 33 29 21 39 19 21 31 32 31 19 30 25 29 25 28 34 30 23 29 52 29 17 23 39 25 32 17 33 24 33 33 52 44 50 37 54 73 45 37 46 46 37 42 29 135 19 31 18 31 46 30 27 27 31 20 38 28 32 22 27 27 28 23 39 38 41 39 39 25 32 39 34 31 31 26 26 29 36 30 32 28 27 36 19 34 33 37 34 36 31
35 24 38 27 27 32 32 33 26 21 34 33 26 43 30 23 27 23 28 36 20 31 32 30 30 36 40 39 44 37 34 39 22 35 39 37 34 33 27 28 33 33 31 40 45 38 25 24 47 30 30 40 38 45 39 41 46 31 20 22 23 32 30 33 36 32 26 38 31 22 47 29 22 27 26 43 36 25 24 26 23 30 36 36 28 32 27 37 38 32 36 39 35 34 24 19 32 32 44 40
28 24 40 39 37 24 23 28 31 29 41 30 26 23 28 36 35 23 23 21 31 19 33 26 18 41 36 38 36 21 36 22 34 31 36 24 35 43 19 35 43 32 38 26 36 24 30 30 27 20 27 33 23 11 9 20 25 29 37 40 35 38 34 28 32 34 30 30 29 29 31 24 26 36 31 39 25 27 28 30 26 22 47 27 32 34 28 22 12 36 23 26 22 25 37 34 25 21 42 22
32 40 33 33 35 29 30 3 27 33 32 35 28 25 27 23 28 28 22 30 26 44 29 32 30 27 33 25 32 26 26 32 25 28 21 24 34 24 27 18 13 41 36 38 36 29 22 28 33 28 27 27 24 28 25 41 32 33 44 32 23 31 25 34 24 28 24 32 34 26 30 24 43 37 35 36 36 32 23 27 32 31 40 34 30 19 38 38 27 33 31 29 36 34 36 30 31 15 29 31
31 26 35 33 30 22 42 36 25 27 25 31 39 31 41 39 36 25 38 24 30 29 28 34 30 34 27 26 32 33 31 39 24 34 40 36 37 33 10 26 36 25 35 34 31 31 21 32 30 31 45 24 41 33 39 32 45 28 22 31 22 24 24 29 31 32 29 30 27 33 27 21 34 31 28 29 40 32 24 34 29 32 25 36 26 27 25 26 26 26 19 30 26 31 29 26 34 24 23 29
41 31 28 35 27 32 25 27 24 27 36 33 28 42 28 30 27 32 28 34 30 28 31 30 31 24 23 31 21 30 26 29 39 37 33 20 25 27 23 30 19 28 26 31 28 29 26 29 40 26 26 22 33 33 25 35 42 36 39 34 13 31 30 33 34 31 25 30 36 27 47 34 27 25 33 31 8 25 25 27 34 30 31 36 47 32 39 42 38 43 40 22 23 31 21 36 29 24 28 31
30 35 41 33 26 30 24 40 25 26 26 27 21 21 24 21 26 30 27 23 19 25 34 29 29 24 29 33 30 18 21 23 35 39 28 39 35 29 30 22 18 30 28 33 32 32 24 18 34 14 23 30 24 17 36 31 44 28 23 28 38 27 28 31 25 33 36 31 21 39 38 28 31 17 21 23 31 22 30 31 31 26 29 21 21 24 22 32 30 27 24 27 37 33 35 36 27 29 31 28
22 24 33 25 31 37 34 32 23 41 35 30 36 33 33 24 2 35 30 37 28 30 31 30 18 21 20 43 36 24 33 27 27 34 22 22 32 37 32 22 32 35 35 25 40 34 31 24 31 33 32 28 32 35 31 31 37 24 36 30 31 38 28 33 46 33 28 25 33 25 32 27 45 43 33 85 67 63 90 114 26 33 29 28 23 29 18 36 35 23 28 30 29 23 25 23 36 27 27 22
31 32 27 29 34 32 30 33 39 24 31 28 35 43 32 39 34 43 40 35 36 26 35 40 36 21 28 42 25 33 34 42 36 23 30 37 29 17 33 25 28 26 25 19 31 31 31 33 31 28 33 33 29 37 30 32 30 33 31 34 23 30 33 38 36 37 30 33 26 26 24 21 22 32 18 29 38 34 27 33 25 23 24 30 29 27 24 16 27 2 32 28 32 32 25 33 25 28 39 33
31 35 30 37 4 25 37 28 30 32 29 27 30 43 50 37 23 29 28 24 28 29 33 28 27 31 21 25 30 34 24 33 23 32 35 26 30 36 26 24 35 29 27 20 22 36 30 33 22 29 21 32 22 29 25 30 20 36 35 31 29 23 17 29 14 34 31 22 29 23 51 23 26 32 34 41 31 21 26 31 35 26 37 39 38 33 33 31 30 30 42 34 33 31 22 36 30 23 32 29
34 35 28 29 29 29 25 26 25 26 24 22 27 32 39 26 31 41 37 26 23 17 30 25 18 33 33 42 21 27 38 25 31 35 37 20 38 27 41 24 38 16 29 24 33 28 43 28 30 41 35 32 36 32 27 31 41 31 33 18 37 32 36 28 26 25 23 33 31 36 26 26 31 39 29 28 19 35 23 19 33 30 27 29 23 19 28 23 28 11 33 26 29 21 30 31 24 39 32 22
35 61 26 28 35 29 20 38 31 30 32 26 24 28 44 31 25 23 29 24 29 43 27 27 34 39 21 36 24 24 26 32 37 30 47 30 34 28 27 32 43 43 30 30 29 36 25 35 39 29 24 32 32 34 9 33 33 32 27 33 26 29 26 36 26 26 28 28 31 30 24 26 23 25 28 19 25 29 19 30 30 20 28 16 26 25 26 27 34 28 23 23 30 16 36 33 30 32 21 26
38 36 34 29 32 38 35 25 16 26 21 23 35 34 20 33 20 18 22 22 21 25 28 32 19 34 22 30 30 24 23 30 31 13 32 28 33 31 30 25 29 29 35 29 25 26 18 32 23 31 27 30 34 30 29 30 39 21 13 30 33 41 14 28 19 25 25 38 31 32 30 37 31 39 32 29 47 35 28 28 29 20 30 30 39 43 25 23 36 41 33 27 31 21 22 25 23 27 28 30
32 30 30 20 33 32 19 28 27 22 37 6 32 27 35 26 35 25 35 31 28 22 23 27 31 25 21 17 25 20 35 33 23 34 32 28 25 35 37 10 37 29 22 37 36 34 23 34 39 28 36 40 44 38 35 38 27 42 27 41 24 28 23 29 28 35 38 37 21 22 29 36 29 21 18 26 31 25 36 34 21 28 27 41 33 37 36 35 38 23 27 24 33 21 35 30 29 22 33 29
35 31 31 31 24 32 33 34 30 38 36 35 31 29 29 32 40 35 40 30 29 31 26 35 33 31 29 23 25 16 28 30 25 34 33 26 34 21 29 23 27 34 42 40 39 26 23 38 39 29 24 33 27 35 27 39 29 39 33 23 26 26 34 25 31 23 24 24 31 29 34 27 34 25 27 22 32 30 27 21 33 44 30 27 47 22 71 76 29 39 27 27 33 22 29 27 32 36 16 31
21 36 33 40 24 36 26 28 22 30 28 29 28 27 36 31 8 27 23 32 24 34 36 32 19 30 33 27 30 30 35 16 24 28 27 24 19 30 28 21 18 25 29 28 19 29 25 30 34 21 16 5 30 25 35 16 44 24 19 24 32 25 47 24 31 34 28 31 22 36 17 27 24 41 29 40 33 29 30 26 36 32 33 36 26 25 26 30 37 25 31 28 27 27 17 25 25 24 35 33
39 33 36 27 25 33 27 26 16 22 21 26 36 27 24 25 35 28 30 19 18 24 39 29 17 28 23 22 26 27 31 42 27 26 32 40 37 29 27 38 28 26 20 34 27 33 25 25 36 31 28 22 31 28 38 28 27 28 29 31 34 26 30 26 26 34 25 27 28 31 38 34 18 34 24 28 51 18 41 26 38 33 32 26 38 24 28 36 24 37 33 30 30 29 35 29 34 38 24 18
20 25 23 35 26 25 31 51 26 38 23 35 37 20 25 23 20 20 35 23 37 20 28 35 27 22 34 33 22 35 29 28 37 38 26 29 32 32 23 38 29 40 28 31 25 30 28 30 40 38 27 30 26 32 30 32 19 36 32 35 22 22 34 30 33 24 27 34 34 32 25 30 33 27 29 26 19 31 30 26 39 37 31 22 24 37 36 21 30 48 38 35 36 33 31 30 24 36 22 30
55 25 32 23 19 27 31 42 35 30 31 32 37 31 33 21 29 34 23 29 22 29 24 33 32 29 26 23 38 29 26 33 29 25 24 28 29 16 28 43 32 23 47 40 29 37 32 21 34 32 23 20 28 31 29 29 35 36 31 37 25 26 23 35 23 21 45 24 33 19 42 27 23 25 27 27 32 23 29 29 26 28 36 22 35 29 30 31 31 30 39 16 26 28 35 26 27 35 23 34
22 25 23 25 34 19 40 25 19 25 31 18 40 31 27 29 32 37 26 21 23 24 26 22 39 31 28 36 18 38 29 25 28 43 29 33 33 25 27 32 33 31 23 32 34 24 32 32 36 40 27 28 27 38 29 38 29 36 25 44 31 30 23 21 32 40 33 34 24 30 27 38 35 36 34 42 36 33 24 34 33 28 34 30 27 40 24 34 22 21 36 29 29 30 28 23 32 40 37 47
26 27 26 32 43 23 20 32 35 24 34 34 29 27 38 17 38 27 26 38 32 44 32 31 21 26 24 13 29 33 33 27 33 26 31 23 25 30 39 30 22 26 31 26 33 38 28 31 28 37 33 27 28 21 32 34 23 27 19 30 39 27 37 31 26 39 30 26 33 31 34 22 31 23 35 32 32 27 33 25 38 33 14 27 30 25 29 24 21 33 29 22 37 36 27 28 23 24 31 30
38 38 35 30 35 24 39 34 32 40 25 34 27 27 25 32 25 30 39 15 26 25 26 26 19 30 30 33 29 30 26 31 25 32 26 34 32 28 33 33 31 24 27 25 36 29 18 26 33 26 28 30 24 24 31 28 27 25 31 26 27 21 24 24 35 34 34 26 26 34 28 37 22 37 31 27 27 35 31 35 30 24 35 30 23 29 29 20 27 26 25 31 28 30 31 30 24 29 21 14
28 31 29 24 24 28 25 36 31 28 22 23 25 25 29 26 28 25 27 29 33 26 32 24 28 28 32 33 30 23 26 29 28 29 31 27 23 31 23 24 36 39 23 44 28 36 29 21 34 22 31 31 29 28 28 24 27 31 27 23 29 23 23 27 25 30 26 34 25 33 30 38 20 40 26 31 33 30 28 25 38 18 32 39 36 34 32 32 26 23 33 23 25 20 27 38 25 27 32 41
23 26 26 29 28 19 32 24 28 32 27 31 34 31 36 32 27 37 42 26 25 26 29 28 30 33 31 24
