0.5 2223 17 22 18 17 24 20 14 17 14 18 22 15 6 17 16 18 23 19 22 10 20 15 15 19 15 16 20 13 18 16 15 15 13 12 15 24 19 15 16 16 19 31 12 24 34 17 23 19 14 15 18 16 14 13 23 12 23 14 21 15 11 18 11 21 19 17 16 17 20 16 16 15 22 17 22 17 14 15 16 22 22 18 16 9 8 13 17 13 20 25 21 15 19 17 14 12 13 14
16 14 18 20 14 12 29 14 7 19 17 14 10 17 20 24 12 19 16 14 13 21 15 22 20 24 23 20 11 13 17 15 14 10 12 17 9 15 21 23 17 19 17 24 15 18 11 14 15 14 22 12 11 17 9 18 8 22 37 27 44 43 58 12 14 14 11 15 17 14 22 18 12 22 20 19 9 19 24 15 12 13 17 17 17 8 25 11 12 14 12 19 11 17 17 18 14 10 19 11
14 15 13 20 15 7 14 15 10 30 20 17 13 18 13 13 13 10 12 14 22 17 16 11 16 17 17 12 12 19 20 20 11 21 10 18 9 22 13 15 20 24 13 17 16 13 11 11 23 21 9 9 12 18 19 24 21 15 18 26 20 10 13 14 9 12 17 15 18 32 19 15 13 10 20 16 15 20 15 15 19 12 17 17 19 11 18 19 12 14 12 27 15 14 15 17 13 21 20 20
18 15 15 14 16 23 20 24 18 19 16 16 16 17 13 24 6 18 16 16 14 21 17 17 15 21 21 15 21 24 14 24 17 14 23 17 13 16 14 16 15 17 19 35 18 17 24 20 22 14 18 20 16 17 19 19 15 14 12 13 13 17 17 17 21 22 11 18 22 22 18 24 15 18 18 18 15 22 12 17 23 22 16 20 16 17 20 11 21 19 21 19 17 10 15 19 10 9 25 23
22 16 14 26 17 21 22 20 16 25 16 15 24 31 22 18 21 17 16 15 17 19 11 21 16 16 25 12 21 12 23 18 15 11 12 19 12 15 14 19 25 16 13 16 15 15 12 15 11 15 13 19 15 18 16 18 19 22 14 18 13 14 14 13 16 13 18 20 16 13 18 11 23 16 14 17 14 25 21 20 19 16 19 13 19 17 16 12 11 14 15 16 21 10 22 12 15 20 17 21
18 21 19 9 16 24 12 14 27 17 20 21 19 20 19 25 9 18 18 12 13 13 23 23 16 12 13 10 12 20 20 14 26 15 17 19 21 19 19 14 14 13 18 13 14 26 16 16 13 20 17 9 12 15 17 15 16 22 13 22 20 16 14 22 12 18 13 21 17 17 25 22 21 16 21 18 18 22 21 16 19 25 12 15 14 22 18 12 20 20 12 15 15 12 23 18 12 12 16 22
23 15 14 10 22 10 16 17 18 17 6 16 17 23 16 11 24 13 20 20 12 23 10 20 12 14 17 17 21 14 17 15 14 14 22 22 18 19 10 17 13 17 17 21 20 16 14 12 10 22 22 21 13 17 19 16 16 12 27 15 14 18 11 17 21 16 9 21 13 17 10 20 13 17 12 21 23 19 22 17 9 16 19 13 11 24 18 11 19 16 17 18 12 19 14 27 20 15 24 25
13 14 14 17 15 16 13 21 16 7 21 14 19 12 11 19 15 8 18 13 25 15 22 11 10 19 19 19 23 14 20 19 21 14 15 12 13 22 19 13 19 19 20 23 17 12 23 14 18 18 23 14 19 25 31 11 22 13 19 8 23 17 20 22 17 17 18 14 21 17 22 22 19 23 18 18 13 21 23 16 12 21 17 15 28 18 25 15 11 12 26 22 16 19 26 13 15 18 27 23
18 19 28 15 15 18 18 16 16 17 16 21 13 19 17 19 15 16 8 14 13 19 16 19 26 20 11 8 15 11 12 12 8 14 12 15 17 24 14 10 18 22 14 25 13 22 14 14 15 14 17 18 25 16 16 14 24 17 20 20 21 13 18 15 17 24 25 17 19 15 14 17 19 15 11 8 18 14 27 16 13 27 16 11 13 20 16 15 22 17 14 17 12 19 14 28 14 11 23 19
19 22 12 21 12 21 19 13 29 14 16 22 19 27 22 16 12 15 16 13 12 18 13 21 8 12 16 15 11 19 12 16 19 25 12 17 15 13 13 10 17 15 13 14 21 18 19 12 23 6 14 13 17 19 21 16 14 15 17 12 11 8 22 22 17 22 13 19 9 13 11 13 21 14 18 16 11 13 18 14 21 17 17 22 13 26 12 17 24 17 22 13 12 15 18 17 15 12 16 22
8 10 16 7 17 19 21 15 13 8 10 17 16 10 14 15 20 18 16 19 16 10 10 13 11 19 18 19 21 18 15 37 17 13 14 21 35 17 23 22 17 11 17 21 27 18 12 23 18 13 19 19 15 18 24 19 20 22 12 14 18 7 12 13 24 15 18 11 20 16 25 15 12 22 26 20 13 23 23 15 19 16 12 22 19 15 21 15 13 17 15 8 18 18 21 15 17 15 19 14
17 12 14 28 18 28 12 17 14 16 15 19 15 25 31 16 17 16 17 21 17 21 15 17 14 23 20 27 25 19 8 12 8 14 21 18 16 11 27 18 14 16 11 20 17 18 16 7 21 18 15 18 18 15 15 22 17 11 19 17 12 8 16 16 22 19 26 38 24 17 27 22 9 10 13 8 17 20 13 8 19 23 16 17 20 21 16 23 17 19 21 27 17 11 18 15 21 17 11 15
17 19 16 20 10 27 6 11 10 24 16 16 22 21 22 18 17 20 13 12 24 14 11 22 13 19 20 20 14 29 18 20 14 24 18 16 18 12 22 19 17 17 26 13 23 14 15 10 23 13 13 22 21 21 10 26 23 18 14 24 18 12 11 19 22 12 15 24 21 20 19 26 29 28 16 24 18 15 16 17 20 22 16 31 15 24 26 22 6 13 20 18 12 23 28 19 16 18 20 23
16 19 18 9 19 26 17 17 19 11 21 19 17 12 13 23 21 21 21 16 26 20 17 20 17 15 11 13 23 22 19 16 12 24 17 21 22 15 29 28 19 19 21 12 14 15 19 19 16 12 19 10 10 18 16 16 18 13 15 22 10 13 15 17 27 15 16 10 12 21 10 19 16 15 17 7 13 15 18 17 15 13 13 20 11 13 27 16 13 17 9 21 15 24 12 19 8 16 12 10
17 15 20 16 18 19 17 16 13 14 20 10 16 16 15 13 20 14 17 12 10 24 22 20 23 16 20 21 17 28 21 18 22 23 26 15 17 24 12 20 22 11 16 19 23 17 16 23 11 21 22 15 15 17 17 16 25 18 15 20 23 24 27 18 17 16 10 9 19 24 18 18 10 18 23 17 22 19 36 18 16 30 18 19 23 26 11 14 7 26 16 18 19 21 23 16 25 15 16 19
18 16 17 13 11 14 20 17 21 13 7 17 14 23 16 17 21 15 14 24 20 11 15 18 17 19 18 11 14 27 18 17 17 16 15 10 14 16 14 11 5 11 11 16 20 15 13 12 16 19 14 11 12 23 19 25 23 17 17 20 20 23 18 17 15 10 13 27 22 24 19 9 16 10 20 25 8 26 19 12 14 9 21 19 18 25 17 16 16 26 13 16 15 16 18 14 18 17 10 18
18 17 42 19 19 17 16 8 24 21 14 17 14 9 17 18 17 20 17 21 17 28 15 16 16 16 19 15 18 15 18 20 20 19 18 22 20 19 14 17 15 15 18 15 14 27 15 11 22 11 28 16 12 11 15 16 23 20 25 18 14 19 13 19 20 17 21 15 11 11 15 12 18 12 16 20 12 23 15 11 17 15 23 11 16 16 20 18 15 26 19 26 9 17 16 14 8 11 12 16
21 11 8 12 20 20 17 13 14 8 13 14 24 14 15 19 10 18 16 15 21 15 10 27 19 17 21 23 19 6 15 21 6 13 24 14 30 22 15 18 16 23 27 19 15 18 20 14 14 15 15 21 13 11 25 22 11 20 19 12 23 15 21 13 23 17 16 16 31 15 21 14 19 19 37 21 18 14 15 23 12 15 19 17 21 16 13 11 23 20 13 16 17 21 17 21 15 18 13 16
28 20 21 18 15 23 22 8 17 21 11 16 23 13 26 17 24 25 11 15 20 23 23 27 17 23 13 13 20 20 13 27 11 11 49 37 26 29 12 23 17 21 22 8 16 26 26 16 20 11 16 20 18 14 15 10 20 17 13 16 14 24 19 15 19 21 8 17 18 21 18 23 24 25 22 17 25 20 20 19 18 11 14 14 36 9 15 19 15 25 16 11 21 24 19 17 16 13 20 14
24 17 23 17 15 24 20 15 23 19 19 18 17 28 17 27 25 11 16 19 17 21 21 17 27 17 16 14 15 13 24 27 24 16 17 16 10 14 23 18 14 18 11 29 9 11 15 15 11 14 16 18 19 20 13 19 18 18 13 19 14 22 12 23 23 21 10 14 25 14 18 16 22 19 13 12 9 9 19 24 13 17 17 17 15 11 18 17 13 15 20 28 19 10 19 19 24 18 21 18
17 17 14 11 20 22 12 20 12 22 17 14 19 16 16 19 27 18 23 19 23 14 16 13 15 14 11 11 12 24 20 19 22 23 12 16 16 13 14 14 25 18 23 10 12 31 12 17 11 10 17 8 16 16 14 20 18 19 13 17 15 15 24 14 18 7 19 30 14 22 16 20 18 22 16 16 25 16 17 17 20 25 28 19 17 17 17 29 6 14 13 13 10 20 23 16 17 23 13 14
15 15 7 19 18 20 26 19 13 18 10 14 15 10 14 16 25 11 21 21 15 15 25 22 17 23 19 20 21 17 15 14 16 13 10 20 20 22 16 23 18 20 18 19 12 19 25 13 24 23 14 19 13 16 15 23 19 15 13 28 16 16 17 23 17 18 14 13 15 7 19 21 13 13 16 8 10 25 22 16 13 19 13 17 12 16 15 15 18 17 18 8 25 15 17 23 15 17 12 12
9 16 20 8 20 13 23 28 15 25 22 20 13 16 13 14 21 20 5 15 27 16 12 23 14 23 13 23 10 8 25 15 14 17 13 19 18 13 9 13 13 17 20 18 17 18 18 11 23 15 17 14 20 18 12 15 18 14 22 21 18 15 13 18 20 21 17 16 21 20 18 17 19 23 19 18 16 20 16 17 12 11 16 22 22 10 14 13 13 16 18 24 8 30 23 12 16 12 17 29
7 22 19 14 19 15 19 14 13 18 10 15 20 15 11 18 18 17 12 16 13 14 31 17 12 19 20 14 7 7 9 17 19 17 14 17 20 11 20 15 12 12 20 17 15 18 23 17 15 21 20 21 10 14 18 16 12 12 18 11 19 13 14 23 8 12 13 21 21 16 18 18 19 17 11 21 15 21 19 21 11 18 17 9 19 15 28 13 15 15 19 16 14 19 13 16 13 19 20 16
16 12 10 20 22 27 14 17 17 22 17 16 24 21 25 15 17 15 17 20 18 19 17 14 21 12 16 15 12 26 14 16 16 14 17 16 15 19 28 15 19 16 16 15 12 12 17 21 14 20 22 19 16 11 23 19 24 4 8 21 13 13 10 14 16 15 15 22 21 21 13 10 10 13 20 16 14 17 19 14 24 15 17 20 21 13 13 20 11 23 15 27 16 17 22 25 9 13 18 15
19 16 22 20 15 21 18 19 22 15 13 13 20 15 22 21 15 20 11 13 10 14 15 16 14 11 12 21 20 12 22 14 29 18 12 11 14 22 19 20 18 15 13 16 10 15 17 21 10 15 13 24 20 12 23 27 17 16 17 21 20 20 21 13 7 13 20 13 21 11 19 13 21 16 21 13 14 8 26 17 20 19 17 24 26 20 16 21 18 23 15 11 24 21 12 28 26 17 20 25
18 21 11 7 14 18 20 2 23 19 19 16 17 15 13 15 13 15 20 20 15 19 17 18 15 22 16 17 14 13 19 12 16 14 23 19 19 17 15 22 12 18 21 16 21 15 16 19 14 14 11 17 12 20 16 11 23 18 20 15 17 21 19 14 13 14 15 18 12 15 5 22 22 18 12 17 17 28 29 18 21 13 17 23 27 18 18 15 31 29 27 16 28 20 19 16 17 11 23 22
22 14 13 21 18 17 15 21 20 26 16 19 22 10 14 13 22 13 11 11 25 14 19 17 19 19 14 19 19 13 15 15 20 18 14 19 16 16 12 22 17 16 19 15 18 13 17 24 10 14 19 18 17 14 16 21 14 19 21 16 13 13 15 12 30 19 25 12 19 19 23 18 13 20 8 19 17 17 19 18 19 18 20 16 13 15 14 14 18 18 18 18 16 18 14 22 22 18 12 22
18 18 14 16 23 11 14 17 17 20 15 14 14 16 20 20 13 16 12 24 10 11 18 15 13 15 20 16 15 19 20 19 19 13 8 23 16 15 17 22 16 23 19 15 16 13 17 17 17 18 19 18 23 13 13 10 19 11 21 15 18 14 15 25 16 13 25 16 20 14 16 18 19 17 13 17 10 18 24 13 12 13 20 17 25 13 20 17 14 16 18 20 12 18 18 14 19 11 16 19
16 13 16 14 19 20 11 24 19 18 32 16 27 12 19 21 30 17 22 10 12 12 14 15 23 12 13 17 15 21 16 11 18 20 17 24 16 15 16 13 15 14 14 20 16 10 19 19 14 21 13 14 25 18 17 23 23 11 25 13 17 20 16 21 16 18 15 16 17 16 8 15 13 19 15 17 9 20 21 14 17 13 12 12 17 15 29 17 17 16 16 17 15 11 16 18 15 10 19 18
12 15 19 15 14 18 16 24 22 11 18 7 13 9 19 16 19 19 13 15 20 24 19 14 13 10 21 14 13 16 15 31 25 20 20 15 15 14 18 9 10 13 10 18 17 13 34 17 16 18 23 11 14 11 14 13 16 20 14 20 23 20 15 14 21 23 16 9 13 23 18 31 11 13 20 15 24 12 21 20 15 13 11 17 13 15 20 15 11 10 15 15 18 10 21 18 16 19 13 21
14 19 14 15 13 16 17 12 13 11 12 8 14 20 21 14 17 18 23 24 17 22 16 16 18 14 10 17 12 9 16 12 16 13 10 15 23 20 14 13 12 15 20 10 11 22 19 22 19 25 13 15 18 16 22 12 14 17 24 15 18 8 11 13 20 15 19 15 11 10 9 17 16 14 17 7 20 17 24 18 17 13 13 14 10 17 17 21 19 28 17 13 14 21 10 17 16 13 12 16
11 10 17 18 18 20 16 10 13 8 20 18 14 7 14 19 26 16 16 16 12 10 14 17 25 18 13 18 17 15 18 16 14 12 17 18 20 17 11 14 13 20 16 15 16 15 12 16 17 16 16 21 10 23 18 30 14 14 19 13 25 15 18 12 17 24 19 20 15 16 19 15 12 14 14 16 21 24 8 13 22 18 16 15 18 16 11 26 17 20 16 12 14 15 20 18 13 20 14 22
14 9 16 11 16 20 14 21 10 19 17 18 19 13 17 19 30 22 16 16 15 15 20 19 11 16 17 21 17 17 14 20 18 14 20 19 13 19 20 17 19 25 17 14 9 16 17 14 19 10 18 14 13 16 22 22 19 10 15 20 15 22 10 19 21 15 20 19 11 21 12 16 17 19 18 21 8 16 17 17 15 19 21 23 25 18 14 17 8 23 19 16 15 19 22 17 14 14 16 22
15 20 14 17 10 16 15 16 10 19 13 14 25 17 22 13 18 14 20 15 13 12 18 25 17 14 15 13 20 17 23 27 18 24 19 19 12 14 18 19 19 13 17 12 6 11 23 17 19 15 16 24 19 17 15 16 20 10 10 18 22 17 24 11 11 14 16 15 17 22 15 18 14 15 18 20 18 7 15 12 13 16 20 15 16 13 16 19 14 15 17 12 25 19 26 10 18 16 17 19
18 14 15 19 18 21 9 20 20 12 16 20 17 14 12 9 24 18 15 16 18 19 16 12 15 14 25 14 27 12 23 24 14 15 7 18 13 15 20 16 17 20 12 13 15 13 13 18 15 15 15 17 13 17 20 13 15 13 14 23 10 12 17 19 16 20 13 12 21 15 4 22 10 9 18 17 12 11 17 15 11 12 16 14 16 11 14 17 15 19 14 25 17 16 20 19 21 20 14 22
16 11 19 29 13 9 20 12 12 24 12 27 15 16 14 18 17 12 17 28 9 9 13 11 20 32 8 16 11 16 12 21 13 18 15 12 15 11 18 14 21 16 17 20 13 20 26 14 14 17 19 15 9 19 14 15 23 21 21 18 15 16 17 14 19 16 16 10 17 20 13 13 11 24 19 10 17 13 21 20 10 24 15 18 12 16 29 17 18 9 13 16 17 17 13 10 11 18 14 10
18 13 14 16 15 17 21
