0.46 2644 47 32 27 33 51 21 22 21 35 21 29 37 30 20 39 34 40 30 33 34 30 25 22 29 31 39 49 37 41 14 34 26 28 30 31 29 29 37 26 38 30 26 34 28 28 17 24 28 25 28 26 21 28 31 26 28 38 23 36 34 35 24 23 24 31 26 61 25 35 27 37 43 21 31 25 31 28 27 36 19 26 32 28 25 32 28 37 28 25 19 36 35 39 21 36 28 31 25
28 30 32 26 21 22 24 34 23 27 33 28 15 27 30 25 31 26 33 20 38 28 27 30 30 24 36 29 23 29 26 33 34 18 41 28 30 33 31 24 29 30 34 28 35 32 25 28 27 24 25 26 35 35 24 38 31 23 40 30 26 32 24 35 43 27 34 31 24 27 30 27 21 37 21 26 29 36 26 30 27 24 44 31 36 35 28 35 31 20 27 34 35 35 9 37 26 33 23 19
27 24 21 28 35 34 31 17 30 30 49 34 38 30 37 53 30 28 29 27 14 26 23 42 21 29 27 27 26 35 32 34 37 26 31 36 25 22 30 27 36 35 23 32 29 23 36 23 32 23 18 28 31 30 27 30 32 33 27 24 25 24 45 27 29 21 35 22 24 35 35 18 26 27 22 37 36 36 31 25 22 17 42 33 28 34 32 25 28 25 29 34 33 30 19 19 30 21 35 29
33 18 36 21 27 35 26 33 28 30 34 28 42 31 31 26 24 24 14 29 29 39 32 29 27 24 26 25 32 23 40 20 34 28 32 23 32 32 39 27 27 31 22 23 31 36 39 33 26 28 35 35 30 30 26 31 28 35 35 28 29 23 27 24 26 25 32 25 37 36 33 19 25 35 22 24 28 15 23 29 21 29 32 29 20 29 23 29 32 27 23 38 48 25 27 17 25 25 28 23
6 32 36 25 23 37 24 31 35 19 27 29 26 25 38 23 23 23 21 35 35 32 30 40 31 44 20 32 30 34 31 28 26 31 18 19 29 30 36 22 29 21 28 17 29 26 32 25 34 38 38 32 28 24 30 38 20 24 32 35 21 30 24 31 30 20 40 21 33 31 27 23 37 31 37 32 31 37 38 15 30 32 31 50 33 23 25 28 40 25 33 27 34 24 41 33 35 30 21 28
29 29 33 21 25 25 35 25 22 22 28 18 40 25 30 30 24 30 33 35 34 34 33 32 37 23 18 11 21 19 30 26 33 33 25 35 37 29 26 41 27 45 22 31 36 29 27 28 30 33 31 28 28 26 33 28 35 40 35 21 24 21 37 29 41 36 24 22 32 26 27 23 24 36 34 43 28 26 26 21 22 26 27 32 44 34 23 27 31 26 36 33 22 26 21 27 26 29 40 17
27 27 35 30 22 28 32 49 33 32 31 32 36 28 19 22 38 30 35 32 15 28 23 30 26 33 37 28 37 28 30 31 45 22 30 25 10 36 23 21 27 30 29 54 36 34 39 24 36 34 24 30 29 28 35 33 17 26 24 28 29 20 18 36 24 23 30 28 25 29 18 20 23 35 23 21 25 32 26 26 36 28 24 36 34 29 22 25 29 28 34 25 26 21 32 24 27 36 29 26
34 21 27 37 30 36 25 13 28 35 27 23 30 31 20 37 39 29 31 45 44 17 28 14 34 32 30 27 21 29 24 26 35 29 33 24 44 22 27 28 22 64 24 34 22 27 37 28 44 33 33 28 23 33 23 20 33 42 22 25 22 24 21 6 35 33 32 38 36 27 32 33 30 39 20 26 38 36 17 34 37 31 29 30 34 28 32 26 27 29 17 25 27 34 32 39 31 29 24 28
29 31 30 40 32 37 30 28 29 17 29 35 19 36 25 34 24 22 25 25 33 29 26 25 39 25 22 32 45 33 35 20 28 38 26 22 37 21 41 22 32 34 23 41 35 27 19 58 16 15 49 45 10 34 38 36 31 20 25 23 29 23 17 28 32 29 18 28 27 31 31 26 27 26 37 41 29 24 25 23 25 33 26 35 28 31 39 34 33 35 28 32 45 36 30 35 26 36 28 33
23 24 18 26 34 28 18 33 33 29 29 28 26 25 37 29 20 35 37 22 32 22 24 27 29 32 28 33 35 23 16 29 27 31 35 34 21 34 18 27 33 37 16 41 27 25 39 24 27 26 34 24 37 27 29 32 35 30 20 26 30 71 40 32 27 39 35 39 25 21 28 28 40 29 31 31 47 37 22 34 22 22 34 26 31 41 22 35 33 28 32 28 32 28 33 43 26 37 34 24
42 30 34 38 33 25 29 42 43 25 28 25 24 35 26 24 29 21 33 23 24 33 33 41 32 32 25 40 20 29 36 23 36 34 27 38 30 22 27 31 33 26 30 22 29 31 36 28 27 36 30 27 20 31 23 32 37 31 44 27 32 19 22 36 21 48 22 35 31 32 27 21 38 28 26 23 36 40 18 36 23 30 27 30 36 23 25 36 31 32 27 26 35 36 40 31 30 31 30 37
58 34 17 36 29 37 26 43 37 33 30 28 23 32 32 25 29 17 28 35 30 27 30 28 40 28 39 28 36 36 30 27 30 28 28 19 31 41 26 25 40 19 36 23 35 35 34 24 28 32 34 24 31 27 25 38 38 33 24 36 26 25 26 17 25 33 24 48 16 42 25 24 26 33 33 11 27 24 28 26 34 26 25 31 34 23 38 27 25 34 34 21 38 20 30 31 33 26 25 26
32 29 29 28 33 29 32 26 44 42 28 17 24 19 27 37 30 41 25 31 25 31 29 34 31 32 33 36 31 21 28 18 26 23 47 26 27 24 27 28 20 22 34 38 23 35 29 28 28 29 29 30 33 21 21 24 18 26 15 19 32 29 18 25 25 27 28 35 28 43 21 29 21 26 27 40 36 32 35 25 33 32 30 29 23 28 25 24 37 26 38 31 29 33 36 19 33 30 36 32
19 21 32 27 28 31 30 23 22 19 29 22 18 32 30 20 29 33 29 18 20 30 36 19 19 18 19 25 33 20 25 35 26 26 18 34 25 31 32 33 34 32 8 35 32 21 15 27 27 36 36 36 25 34 38 36 27 26 25 28 26 23 36 33 32 27 34 25 34 23 16 33 36 28 31 31 29 22 35 33 29 26 26 29 23 34 31 38 35 27 16 35 20 25 27 22 27 37 31 18
29 16 30 35 34 26 30 20 34 23 16 19 24 30 23 28 21 27 25 30 32 32 13 27 24 24 28 33 21 30 27 43 23 28 35 24 31 10 35 28 37 32 29 28 28 33 32 24 32 46 39 28 26 31 25 23 24 34 28 22 28 36 27 32 41 38 37 26 35 30 27 38 24 29 35 19 21 27 20 23 25 25 28 32 23 30 28 28 25 26 24 30 25 40 38 44 23 32 26 34
35 31 31 16 25 36 22 19 35 24 28 24 30 31 38 32 53 28 40 27 26 21 21 32 26 36 30 32 31 17 30 44 30 33 29 24 28 30 40 33 29 22 34 25 29 30 30 35 25 24 64 43 22 23 36 33 41 43 30 24 34 23 29 36 31 29 36 32 26 28 41 27 26 28 36 35 26 31 26 36 30 24 29 33 34 23 26 33 44 24 18 28 31 34 31 38 46 34 42 31
27 20 23 30 32 27 42 23 28 35 24 35 30 26 34 44 39 38 25 37 33 36 27 28 28 22 29 19 28 29 35 33 31 18 27 24 20 30 24 32 30 44 26 29 28 17 33 27 22 28 29 31 37 20 23 30 31 25 19 27 32 34 31 30 24 33 24 33 37 28 32 32 29 19 20 19 29 36 31 31 34 33 26 24 36 31 28 38 31 31 25 28 30 19 29 24 7 32 35 22
26 32 35 23 30 26 39 30 42 24 21 24 18 33 29 33 27 39 31 28 27 44 18 16 42 34 30 36 30 17 28 36 27 20 37 36 25 40 24 38 24 21 23 22 33 27 24 24 23 26 36 29 18 32 30 29 29 31 25 40 27 34 22 35 31 31 40 30 24 22 35 27 29 33 27 10 31 28 28 21 25 35 34 35 27 31 30 34 25 29 21 38 31 38 20 28 23 29 22 30
38 48 35 29 39 35 30 20 27 23 42 23 36 27 33 29 28 33 29 26 26 30 34 28 31 23 27 32 34 36 39 33 18 36 36 22 18 23 14 32 30 28 37 30 36 35 31 28 28 30 20 33 26 14 29 23 38 27 32 28 28 24 31 33 25 31 35 30 40 39 25 20 35 24 27 34 22 19 31 39 28 27 34 25 28 27 33 37 25 30 33 35 43 46 33 21 17 31 34 19
36 29 31 30 25 29 39 32 27 33 24 30 27 36 24 27 32 25 33 46 33 21 46 23 32 31 35 33 24 26 32 30 29 29 39 24 30 18 26 36 20 38 40 24 29 22 31 26 36 28 18 29 30 19 20 34 38 30 30 27 25 20 29 29 29 22 22 20 26 22 14 35 23 24 20 39 31 25 28 17 21 39 28 22 69 26 31 23 28 18 27 36 25 23 25 26 28 28 41 22
26 33 25 33 28 23 33 33 26 24 25 41 25 31 29 30 23 31 31 32 28 32 31 34 24 38 18 24 25 27 31 26 31 42 43 35 32 37 29 33 19 29 30 26 33 38 28 31 31 28 40 35 18 32 25 38 33 21 24 37 33 48 26 31 39 24 34 17 33 26 28 24 35 27 33 26 29 20 35 42 31 23 43 15 28 37 27 32 16 27 35 22 22 41 35 28 28 27 28 24
27 30 33 31 28 26 27 24 32 27 19 19 26 32 33 38 22 34 43 18 38 31 31 35 19 33 22 23 26 28 26 25 29 27 33 30 32 30 19 35 31 35 24 26 46 28 30 31 29 27 38 24 36 31 36 19 36 38 26 30 32 28 29 40 34 28 33 26 38 29 18 22 32 28 27 36 41 24 31 31 29 40 30 34 30 32 27 26 40 30 36 31 45 32 22 25 29 26 28 24
23 38 38 32 22 28 28 33 32 30 29 22 25 4 28 18 34 32 34 34 33 24 29 27 21 32 28 19 25 34 33 37 23 31 24 32 21 43 37 27 27 35 31 29 38 30 36 35 30 28 28 32 25 27 26 25 23 28 24 19 38 31 38 31 30 31 30 14 42 30 34 21 27 38 35 43 42 44 31 38 31 32 28 22 32 37 26 25 26 19 52 34 37 31 26 26 29 31 26 18
27 25 38 29 29 34 29 28 29 27 34 42 14 33 26 36 31 27 31 19 29 16 30 26 27 29 36 25 29 24 29 28 31 33 44 29 28 33 28 31 43 31 24 32 37 42 25 38 48 33 30 27 24 24 35 30 27 34 30 31 32 18 36 30 39 21 34 29 29 30 30 27 29 40 33 32 30 35 25 37 17 31 24 19 33 25 32 29 27 21 29 41 34 17 29 25 29 22 24 25
32 29 26 28 20 35 25 34 35 29 23 36 25 26 29 32 26 28 28 36 24 31 23 30 15 26 29 24 28 13 20 27 30 36 24 32 31 32 27 26 30 21 16 33 25 31 27 25 29 28 26 28 39 27 31 30 30 25 32 20 38 29 31 25 24 29 19 25 21 34 31 30 30 22 31 27 23 38 49 28 25 35 38 33 21 35 31 31 27 29 31 27 27 42 36 25 15 29 29 32
22 27 21 24 30 26 38 26 30 32 28 39 34 34 32 26 39 38 30 34 30 39 30 27 36 30 25 36 33 36 30 36 28 31 35 35 33 29 22 25 28 30 35 23 34 29 32 25 22 35 36 42 29 41 30 30 29 22 33 22 31 19 25 39 19 30 22 31 35 37 35 34 30 35 38 39 33 32 26 34 37 26 33 31 25 29 24 29 31 31 29 39 20 20 31 34 22 27 39 28
32 32 36 38 26 26 42 42 29 37 30 42 24 29 22 34 24 30 17 16 31 23 23 56 37 22 24 25 16 35 18 25 28 32 20 34 37 29 33 33 22 14 23 26 25 32 27 29 29 34 28 29 25 26 31 29 35 20 32 37 32 38 27 36 21 22 19 23 28 31 30 35 32 32 29 23 27 36 36 33 26 23 26 34 24 39 29 29 26 27 22 32 31 30 33 35 27 29 19 35
26 35 42 38 35 28 36 20 29 28 30 29 29 33 37 28 21 29 36 38 16 34 34 22 19 26 27 22 40 24 26 26 26 37 33 29 37 33 23 26 26 32 35 29 31 33 35 36 17 20 36 30 22 24 17 20 21 25 31 28 24 29 29 20 23 19 29 24 24 28 32 36 28 28 35 23 24 31 31 36 37 15 33 29 27 27 32 31 28 30 34 28 28 40 23 41 37 37 24 39
36 36 32 29 29 21 29 20 27 28 31 21 24 30 93 13 37 34 36 29 54 43 34 37 19 26 33 16 34 31 32 27 31 25 24 22 22 28 30 31 40 27 27 21 36 34 27 27 26 33 36 42 25 29 30 29 23 28 20 32 32 23 29 25 25 33 39 33 25 42 29 25 29 39 32 26 31 35 58 19 23 36 21 28 37 29 32 23 29 19 36 23 29 26 25 26 19 22 33 25
35 29 31 32 21 34 23 19 26 21 36 28 31 27 30 33 25 22 36 28 30 29 23 33 25 35 24 38 21 31 21 22 26 28 26 27 27 26 32 28 17 33 36 34 24 35 26 27 40 33 39 26 24 31 28 30 24 20 27 34 38 21 32 16 22 24 19 22 25 25 33 24 27 22 29 25 20 23 24 19 26 34 31 38 10 23 32 33 29 32 29 23 30 17 20 31 26 34 21 25
28 25 28 23 23 33 35 35 19 32 32 34 40 31 16 34 32 37 30 33 25 25 24 28 30 28 23 30 33 35 30 26 26 24 26 36 17 25 22 40 32 29 26 21 31 21 29 34 21 34 32 30 35 20 35 37 30 24 32 22 35 23 24 22 24 31 30 25 33 26 32 31 32 32 27 23 34 35 40 28 24 26 28 41 20 32 29 33 29 33 33 33 25 35 28 39 30 28 19 33
37 22 27 27 38 29 37 33 23 20 23 21 32 35 25 24 23 26 21 28 29 30 31 31 26 30 28 29 17 40 34 27 34 18 34 27 22 28 28 33 28
