0.47 2244 16 29 28 32 22 16 23 27 16 23 25 25 24 24 23 18 26 24 27 28 26 29 33 31 16 25 26 19 16 25 18 19 22 20 19 22 19 24 37 25 29 23 24 23 20 19 24 25 23 17 6 22 25 22 34 21 22 17 18 18 27 22 25 17 22 23 30 18 22 19 22 23 20 21 20 23 21 22 26 28 29 27 28 20 28 26 21 25 27 19 21 26 18 14 19 25 24 26
18 27 104 29 23 19 14 29 20 19 23 23 19 22 27 23 21 31 35 20 11 25 25 28 25 22 26 29 21 21 11 20 20 21 15 23 18 23 23 22 18 18 19 12 22 23 27 31 30 22 23 29 26 28 33 18 23 30 28 18 29 23 22 21 23 32 13 31 20 15 13 21 25 25 20 27 25 22 18 23 22 21 26 17 18 22 27 15 20 20 32 22 23 18 25 19 23 24 27 27
24 16 23 19 39 29 31 22 23 24 19 31 32 16 27 31 14 30 24 19 29 26 25 29 25 21 30 32 31 25 24 26 24 13 18 30 26 22 28 23 19 29 29 24 24 29 27 21 24 25 17 29 19 23 18 33 15 18 25 24 16 25 15 23 25 26 19 33 21 33 27 26 25 26 19 21 33 18 28 25 25 30 28 28 22 18 22 21 24 21 15 15 28 19 29 35 27 13 22 26
22 31 23 26 28 21 21 17 30 31 25 29 31 21 35 24 24 30 23 17 31 29 27 22 21 30 28 30 33 30 58 31 23 23 28 22 25 13 25 22 29 26 14 28 32 27 22 30 25 24 18 28 28 25 24 26 16 23 27 19 22 22 23 28 37 27 27 21 23 19 33 28 32 22 19 22 21 28 27 11 22 23 32 33 18 25 30 20 29 22 22 31 21 26 20 32 30 24 20 23
28 19 27 13 29 16 27 21 23 23 21 17 20 33 25 20 27 26 17 25 25 38 23 22 20 15 18 28 28 21 32 22 29 24 23 21 25 23 32 26 32 24 28 25 21 12 25 18 28 29 26 26 30 26 28 27 18 29 28 21 26 28 29 32 14 35 17 24 29 24 16 20 26 20 22 17 24 23 23 23 25 24 35 24 21 21 22 17 31 19 36 24 19 31 36 24 30 25 25 25
24 28 24 19 25 28 24 26 34 16 29 23 28 29 27 26 30 25 21 27 30 16 33 26 26 26 21 22 21 35 22 26 30 23 33 20 22 16 18 23 24 25 27 22 17 25 25 23 15 31 16 19 26 20 26 26 22 18 27 24 19 36 19 25 15 31 39 21 27 31 13 21 24 29 24 18 17 31 25 29 30 21 26 29 24 19 25 20 15 25 33 18 20 31 27 22 27 32 18 22
30 29 27 32 30 20 26 27 26 22 27 19 20 24 21 29 28 19 4 23 28 39 37 26 33 26 20 21 28 22 28 28 24 19 39 15 18 19 18 25 21 26 26 27 20 29 17 28 31 29 25 33 22 30 20 37 22 23 30 17 38 22 21 25 23 25 20 18 26 21 18 29 20 28 17 20 23 18 22 20 23 29 17 17 33 14 20 28 16 21 27 22 16 33 16 21 27 12 18 21
15 13 31 24 26 35 28 23 15 16 49 22 16 13 32 25 21 20 20 25 28 16 26 30 28 20 23 31 23 22 26 20 15 25 28 20 17 31 31 35 22 26 23 29 22 32 23 22 30 38 22 19 15 23 23 18 21 30 28 29 23 17 28 22 21 12 20 30 27 19 25 9 23 16 15 24 16 28 20 30 25 20 30 23 18 26 25 24 29 29 20 31 27 30 34 52 18 18 20 32
15 20 27 24 28 28 19 18 25 30 22 25 14 13 26 28 19 31 27 28 27 21 21 29 24 15 19 24 31 22 25 22 29 24 25 27 28 25 28 26 18 28 23 30 19 21 26 25 27 19 17 16 18 20 26 15 20 25 28 23 21 32 33 25 24 21 22 24 26 24 28 30 15 18 18 25 23 18 13 26 19 17 25 16 25 30 16 19 29 11 28 19 26 25 15 28 16 29 20 35
30 28 31 18 20 20 18 36 19 19 19 25 33 21 26 20 29 22 29 29 18 20 23 25 18 15 29 24 24 26 19 16 29 19 24 24 23 22 20 23 31 28 19 15 30 38 29 16 16 29 20 28 18 23 28 24 32 18 28 25 23 20 19 23 22 41 28 33 24 23 30 22 19 28 25 19 24 24 22 18 22 25 25 30 32 17 26 36 30 25 28 17 35 25 32 18 24 26 32 36
21 32 33 26 27 28 35 19 17 32 25 20 21 20 19 31 15 21 24 23 28 20 24 26 26 22 22 26 16 22 24 36 20 30 24 23 27 19 31 20 17 17 24 32 37 31 23 16 20 19 21 25 27 30 38 23 32 32 19 21 27 24 22 18 21 21 24 27 25 24 28 25 15 27 13 20 28 30 17 18 26 25 36 25 25 29 33 16 27 22 20 29 27 19 20 22 26 12 19 19
12 14 20 24 26 28 24 20 28 30 27 24 24 26 30 30 26 31 34 26 17 24 27 30 30 33 19 22 24 19 24 35 21 26 27 20 23 29 23 27 20 18 25 25 31 18 33 30 29 33 13 35 25 19 60 28 31 19 20 32 13 22 35 21 21 21 18 23 25 29 21 13 17 21 29 17 27 23 23 20 17 25 24 21 22 26 25 22 25 20 16 17 15 28 18 24 24 19 27 15
22 22 23 20 24 12 21 21 26 25 21 24 32 20 30 18 22 17 27 24 29 23 31 28 19 38 25 25 35 25 24 36 14 15 20 24 28 20 27 33 25 30 25 21 27 22 19 20 21 24 36 24 15 22 24 25 31 33 15 17 26 26 28 23 24 22 31 13 32 19 19 29 29 23 31 18 26 25 22 25 25 19 20 18 22 15 29 18 23 24 26 19 27 21 23 23 25 23 20 21
34 25 23 32 17 21 28 28 24 24 24 22 18 28 15 12 22 15 11 33 30 21 28 18 31 33 18 21 30 25 19 20 27 18 23 28 31 18 23 23 21 19 20 22 29 21 22 26 25 26 26 21 19 24 29 17 33 19 29 26 27 26 25 31 23 26 20 22 29 19 22 20 22 25 25 16 23 22 35 17 21 27 29 26 23 19 28 25 23 23 31 23 24 23 24 20 17 21 24 30
19 24 23 28 29 23 29 25 20 20 33 27 22 17 23 24 35 27 20 29 22 59 40 43 23 22 29 20 16 30 19 26 27 22 24 20 19 24 21 23 32 22 28 21 20 26 17 20 28 17 24 16 30 29 29 31 30 31 31 34 36 27 19 30 21 20 21 26 28 37 22 30 31 32 38 22 29 25 25 21 30 30 28 24 19 21 16 27 27 20 28 12 24 35 23 18 26 18 24 16
14 29 20 18 19 13 16 17 22 25 24 26 25 14 27 29 24 24 16 19 21 29 23 22 16 16 23 23 23 28 21 12 15 30 19 16 22 26 24 21 25 22 16 21 27 20 24 22 33 23 19 13 20 21 24 21 19 20 30 23 20 17 18 22 19 18 21 20 13 13 20 18 19 17 24 19 14 24 11 20 18 20 13 19 24 28 28 26 20 22 24 18 31 29 13 22 25 28 32 30
24 18 18 19 26 18 19 22 20 29 20 33 27 16 35 24 21 17 15 23 24 21 36 22 19 33 22 19 18 26 22 22 23 21 18 26 27 21 31 20 20 28 23 20 33 15 36 17 23 21 16 24 20 17 17 11 19 25 14 16 23 22 16 21 24 19 15 10 23 17 20 21 35 35 20 17 34 19 25 27 18 19 21 23 20 26 18 14 40 25 26 33 28 19 19 21 26 36 19 21
22 18 20 24 23 18 22 16 25 24 20 25 14 22 19 21 17 19 25 16 18 28 23 23 24 26 29 31 24 22 12 22 19 18 18 19 23 24 23 16 16 14 20 31 25 26 16 28 24 20 24 25 20 28 22 26 17 30 19 21 26 13 14 22 24 28 24 28 18 18 21 16 25 27 28 26 23 29 16 26 19 23 32 24 24 22 18 18 21 23 28 19 28 20 22 20 32 27 21 15
28 25 16 21 23 18 27 29 20 16 27 33 21 14 28 35 21 25 18 20 20 25 26 15 23 17 17 24 31 27 17 36 28 27 28 20 31 22 20 22 25 24 24 18 29 22 21 32 30 31 17 24 23 20 17 19 30 27 19 31 27 24 25 21 35 25 15 20 23 20 21 30 18 22 18 14 23 22 19 21 13 27 24 22 17 22 23 24 20 26 28 29 16 22 36 27 29 25 19 21
20 31 19 20 29 15 28 29 17 32 22 28 14 22 35 28 28 24 22 20 16 20 16 16 24 23 28 16 17 21 28 20 28 27 18 23 24 19 30 27 22 26 28 20 26 24 23 24 26 21 17 17 29 18 29 15 19 19 16 22 29 22 16 28 20 25 16 26 18 22 31 31 33 23 9 21 30 28 15 21 21 20 21 23 22 23 24 24 20 22 24 24 27 36 25 26 20 28 22 31
20 31 19 25 29 22 29 22 21 18 19 26 22 37 27 25 35 21 24 22 26 25 20 31 27 24 22 23 26 25 30 20 26 22 32 27 19 22 23 27 27 26 25 28 33 10 27 28 29 27 19 25 28 31 34 20 28 31 23 24 25 17 22 21 21 20 26 27 31 23 23 27 27 23 24 25 25 34 29 23 27 32 27 25 23 26 25 21 34 29 26 17 21 28 24 28 16 32 27 20
17 28 25 27 16 24 17 40 22 23 27 40 30 25 26 18 16 23 16 31 28 21 27 20 27 24 28 26 37 26 29 22 23 17 26 28 17 21 30 18 28 18 16 24 14 14 22 29 19 27 21 21 20 38 18 13 20 25 26 25 23 22 26 21 28 17 22 22 24 28 19 22 18 26 20 16 17 32 24 17 18 14 28 20 17 19 20 25 14 21 14 36 22 18 24 15 30 25 21 17
30 15 31 24 23 27 15 25 22 30 31 18 20 24 20 17 27 25 23 25 25 27 21 23 25 21 23 19 26 19 62 19 19 26 18 18 19 27 19 27 23 27 25 22 27 25 23 29 20 27 34 26 13 21 23 20 13 25 24 28 20 21 24 19 24 24 27 23 13 23 26 23 19 27 19 14 24 28 21 27 22 27 34 28 28 33 25 27 21 32 22 21 29 16 28 28 18 19 27 31
23 23 24 21 17 20 24 19 22 19 23 17 25 24 21 10 13 26 24 17 24 28 28 25 23 21 17 23 17 16 26 16 33 26 26 21 28 29 37 20 21 17 19 26 21 30 22 25 28 31 21 21 31 29 23 21 31 21 24 21 12 12 29 21 27 22 23 19 19 19 20 24 27 28 27 23 18 17 18 32 26 19 26 33 22 38 23 25 25 25 30 21 22 20 39 54 24 23 13 27
20 12 21 18 28 18 18 20 26 20 32 23 21 31 31 22 18 23 17 23 13 29 19 22 20 23 18 21 20 20 23 16 31 31 38 15 23 18 25 27 29 12 29 34 24 20 20 32 25 31 35 20 24 29 32 25 28 25 26 30 22 32 14 22 21 33 24 30 24 12 29 20 29 15 18 19 23 22 24 25 16 25 29 30 25 19 28 23 18 24 26 23 32 31 22 21 27 22 24 28
27 29 17 22 34 27 20 16 21 15 18 27 21 19 26 17 23 24 29 29 24 35 14 27 29 18 22 28 23 19 34 21 26 23 27 21 30 27 38 21 23 20 21 29 18 20 22 26 28 22 21 24 24 27 27 25 35 29 19 27 21 28 24 19 27 22 26 20 12 28 28 24 31 24 21 43 25 48 23 32 17 11 21 29 21 29 21 20 31 16 23 33 22 33 31 29 28 31 17 27
19 21 28 20 34 16 33 27 27 26 19 21 25 24 26 23 23 18 24 27 15 14 27 18 28 22 25 21 18 16 30 35 21 30 27 22 27 22 24 19 25 20 28 19 18 18 17 26 22 28 22 11 23 22 20 27 19 29 22 27 24 31 24 21 29 26 23 28 18 12 17 27 20 29 11 19 12 25 24 32 21 16 28 16 14 25 24 21 22 20 20 20 19 27 23 25 26 13 23 17
15 18 25 23 23 19 26 26 21 22 30 16 23 33 28 16 17 28 24 16 17 24 22 25 26 18 33 27 15 15 15 25 30 24 19 28 18 31 20 22 27 16 31 23 14 23 18 15 22 21 18 29 27 10 23 26 17 21 25 25 25 19 15 33 8 24 17 19 27 23 20 23 10 28 13 19 14 12 18 26 25 24 16 30 24 26 17 21 28 28 24 27 21 17 24 28 16 19 31 8
28 27 28 18 33 27 15 24 26 17 23 16 26 18 25 19 21 18 18 22 22 21 28 23 20 21 20 20 17 17 26 20 19 22 19 23 24 13 21 23 12 13 20 28 23 21 23 31 24 26 11 17 25 20 26 21 23 23 21 19 93
