0.2 3132 39 30 45 42 42 31 52 36 35 45 48 33 44 43 45 48 38 41 39 45 31 45 36 35 49 47 27 38 42 35 31 44 37 41 45 38 29 24 40 27 39 36 30 42 32 37 42 35 34 47 31 51 27 42 33 29 35 44 31 25 37 31 49 27 52 29 50 45 29 24 33 33 33 41 45 30 32 31 30 36 42 32 34 12 28 36 32 21 26 46 34 34 42 37 42 31 41 45
25 42 33 44 30 37 84 49 38 41 44 42 40 32 39 43 35 42 33 51 40 48 30 39 38 28 48 53 30 31 42 31 33 51 35 25 31 40 32 39 38 41 30 39 50 20 48 24 34 35 42 35 32 25 37 47 28 35 41 37 47 34 40 40 31 36 45 44 38 35 42 28 36 31 34 28 41 32 45 47 39 30 39 33 36 34 31 30 36 21 41 34 33 44 43 30 33 35 38 39
39 37 35 38 44 40 37 47 33 40 30 48 32 34 30 29 40 35 41 39 47 29 37 30 33 40 34 40 36 55 43 27 43 25 36 44 46 36 34 34 37 35 39 30 42 37 70 35 50 43 43 36 55 47 39 41 28 33 36 39 34 38 32 37 39 32 21 20 30 36 34 32 24 35 38 33 43 40 34 30 44 27 24 35 29 30 35 37 33 40 30 45 31 38 42 35 48 35 25 34
26 36 40 57 44 30 39 40 39 43 49 15 29 34 40 22 27 35 36 35 49 35 48 38 33 37 33 51 30 44 26 45 77 39 30 34 32 36 28 37 35 28 42 38 30 39 45 31 40 33 24 33 33 43 37 28 33 39 37 27 40 29 44 39 38 40 44 32 38 47 34 33 34 38 38 35 37 37 36 18 36 25 38 37 42 35 41 41 40 36 47 47 33 34 32 34 25 30 38 42
48 41 32 34 32 31 36 38 52 38 34 43 50 36 32 35 38 35 40 31 31 33 37 35 46 47 37 29 18 19 43 31 37 33 38 21 32 31 33 31 40 26 46 32 33 43 37 31 35 50 31 31 20 50 44 38 31 43 26 40 27 27 30 43 48 30 30 53 43 36 29 40 26 36 30 46 40 41 22 35 31 40 27 45 39 28 31 33 20 37 36 50 32 29 36 11 37 42 46 24
38 34 37 43 36 45 40 39 26 32 29 31 51 35 28 20 31 35 37 38 33 51 25 29 38 33 41 28 34 37 27 34 40 42 39 36 38 40 43 45 28 42 33 43 31 46 25 35 49 48 31 32 39 32 28 35 28 40 37 47 19 47 41 33 42 35 30 40 38 34 34 34 39 34 14 36 45 38 38 35 38 40 47 45 38 33 33 32 32 36 30 35 34 36 33 25 38 10 27 40
34 18 25 39 54 40 31 47 34 38 32 24 31 21 35 39 39 27 28 42 44 32 36 41 37 40 31 26 34 23 41 33 38 52 22 30 33 32 28 37 38 44 56 37 31 39 37 46 36 36 39 38 42 35 40 27 40 33 42 32 26 25 30 28 29 63 38 36 35 34 40 41 38 47 38 36 32 59 47 31 34 33 35 43 43 44 49 53 29 34 34 33 42 34 33 41 42 31 35 41
24 24 28 28 48 36 32 44 33 38 43 29 47 30 49 28 56 30 40 41 43 42 39 27 53 29 32 40 31 39 44 36 44 37 55 34 30 34 27 31 36 37 50 30 34 42 38 34 38 35 34 32 35 31 34 42 22 28 32 35 43 38 26 83 38 42 35 41 50 41 30 32 34 36 33 28 40 20 45 41 36 40 40 34 42 34 37 43 44 35 40 42 30 31 42 29 37 39 40 39
47 41 31 42 35 36 28 41 37 37 42 41 44 39 40 37 41 38 36 32 33 46 34 39 35 32 33 46 27 39 49 40 43 24 32 43 30 32 70 45 31 28 38 43 36 38 41 29 31 89 62 55 47 39 43 37 45 34 28 35 36 30 31 44 31 43 42 34 36 30 33 32 31 37 41 34 54 34 31 38 47 35 30 33 42 45 39 33 33 42 41 30 26 43 39 36 36 34 35 42
50 32 40 27 41 46 31 34 29 41 28 37 25 79 28 25 39 19 32 52 38 35 37 34 43 34 29 34 26 31 32 38 26 37 36 38 39 34 32 39 47 25 33 33 34 49 38 41 36 34 33 43 35 34 37 39 41 31 33 35 25 36 32 48 54 39 34 29 28 33 37 41 29 30 37 37 38 37 34 34 46 36 34 42 42 41 37 36 42 29 15 38 37 47 33 36 36 37 27 25
25 46 37 32 40 37 46 32 31 34 43 26 35 31 37 19 44 31 30 31 40 54 27 35 30 39 34 38 33 33 34 35 34 36 45 31 37 32 27 29 31 28 32 25 42 38 31 31 53 47 40 41 35 34 47 29 43 24 42 34 34 34 48 35 29 36 43 28 45 42 32 32 25 42 34 30 43 49 40 14 41 36 41 27 36 44 36 30 45 44 34 38 41 49 46 31 27 28 35 43
38 30 36 37 32 36 41 49 35 37 43 53 40 42 43 44 36 37 30 36 35 47 36 29 38 28 35 20 38 35 44 36 42 26 37 39 31 35 34 38 43 34 21 28 46 45 49 33 44 37 42 33 41 30 43 31 28 46 30 45 28 41 25 34 43 39 41 37 30 30 29 35 36 44 38 31 40 41 35 39 30 38 42 36 41 39 45 35 28 42 36 38 40 41 37 36 37 38 33 29
48 29 20 26 38 46 36 37 45 28 40 28 38 35 36 36 41 38 26 26 39 32 33 33 28 36 43 28 42 38 8 36 32 42 31 39 44 36 44 40 34 31 31 40 26 45 28 30 37 37 41 20 22 33 53 37 37 39 31 41 47 33 45 37 34 48 30 35 33 36 30 33 32 26 32 34 36 37 40 44 46 30 28 24 39 43 23 33 35 43 44 41 38 37 33 30 39 33 40 31
40 37 31 39 37 37 37 41 42 33 46 23 42 41 43 44 40 40 31 37 45 38 35 38 35 44 38 40 26 34 42 33 42 39 129 60 79 78 38 26 30 40 30 34 32 37 19 43 40 37 36 38 25 35 42 34 40 40 52 40 43 32 31 38 43 47 35 32 28 40 49 39 33 13 34 30 40 30 29 35 51 41 43 49 33 35 40 38 32 58 38 40 33 35 34 33 41 39 41 40
33 40 35 37 44 33 28 40 46 33 40 40 29 50 42 33 50 33 57 41 34 35 43 26 26 33 41 30 37 33 34 28 37 33 27 40 27 36 33 37 45 38 34 43 44 38 43 33 44 35 39 31 43 35 43 34 35 44 51 29 43 40 29 35 31 33 30 37 37 36 35 45 35 56 33 23 46 29 24 23 21 42 26 40 35 31 21 35 33 40 48 35 46 45 36 25 34 44 34 28
46 41 40 32 37 32 38 41 35 34 46 43 26 28 39 40 16 30 48 39 42 34 35 47 43 28 35 37 59 32 41 39 37 47 42 44 37 29 36 38 43 27 27 35 47 45 40 34 40 40 28 37 46 32 34 37 29 40 36 38 28 36 12 16 38 30 40 49 29 34 41 30 36 34 34 36 34 39 40 35 39 30 39 34 21 35 21 35 33 27 37 37 35 42 34 34 45 43 38 20
32 41 38 42 37 27 32 40 38 41 22 34 39 43 36 49 29 44 34 41 23 27 33 32 36 23 32 32 42 41 35 35 31 42 37 33 34 34 37 32 33 30 39 33 40 26 28 42 34 31 37 35 35 35 35 38 45 46 38 35 29 27 28 34 41 37 48 31 33 31 34 35 49 32 37 28 41 25 44 40 32 52 39 30 39 30 37 38 38 44 37 38 38 39 41 14 35 33 53 35
40 44 36 46 34 44 42 35 38 39 39 31 28 35 42 33 34 34 39 33 50 35 33 46 43 22 43 46 38 32 40 27 29 35 40 48 37 35 41 36 38 30 27 25 23 36 31 35 23 30 34 48 22 38 37 37 40 37 38 29 51 47 34 40 36 29 40 39 40 38 36 39 37 16 39 28 33 40 37 37 33 45 15 24 33 36 37 31 24 38 35 43 35 37 33 37 53 38 36 20
34 36 30 21 40 31 43 36 31 44 32 47 35 45 42 42 30 26 19 35 28 36 34 44 37 36 30 32 38 18 25 35 24 33 42 31 39 38 40 26 38 29 36 45 29 38 38 45 36 35 13 30 46 34 34 37 28 39 29 36 17 17 42 24 32 40 39 32 55 43 40 52 42 35 40 40 27 41 34 43 41 35 36 33 19 39 41 37 36 41 46 43 37 43 37 29 31 36 34 40
23 116 34 40 38 36 49 29 34 35 25 32 7 39 42 35 43 45 25 34 44 46 40 25 34 20 32 45 30 40 20 42 33 39 44 38 29 28 46 35 26 31 38 41 48 49 31 33 29 46 36 41 44 46 46 42 48 39 38 33 33 4 37 23 22 26 40 46 42 31 34 36 27 28 41 28 35 50 39 28 36 32 37 39 37 31 41 42 36 42 41 40 45 27 40 35 29 32 40 26
39 41 24 39 40 48 33 39 32 37 40 46 34 32 44 37 29 29 37 47 36 33 51 42 44 44 24 26 35 34 28 42 36 44 41 33 37 31 43 38 41 34 34 35 34 35 39 30 34 30 32 43 35 32 42 32 39 42 39 39 30 36 36 38 42 39 33 36 38 45 34 32 36 33 42 39 35 46 41 49 45 42 34 37 26 47 24 42 41 42 25 42 37 31 20 35 34 32 27 43
18 39 39 37 44 30 40 32 33 24 33 29 29 33 35 37 44 38 37 48 45 37 44 37 32 34 29 35 43 35 38 26 35 32 36 44 29 41 45 35 39 30 27 44 48 33 39 35 37 38 44 29 40 41 36 38 41 28 25 39 44 41 41 41 53 36 41 41 32 33 27 35 30 40 40 35 28 42 32 33 39 27 37 38 48 33 42 38 34 34 33 34 48 28 28 34 36 27 36 45
37 31 32 33 36 42 30 31 34 33 39 36 32 30 34 35 28 23 44 38 33 38 35 28 42 39 29 20 30 45 35 40 31 44 36 50 42 37 41 35 42 46 36 34 50 44 47 30 39 23 41 31 48 29 34 40 31 32 27 34 36 26 26 32 38 43 36 43 32 36 39 32 39 49 40 33 30 38 45 45 35 27 24 39 33 28 38 37 35 45 38 33 30 43 34 26 38 38 31 38
33 34 38 38 26 31 34 29 39 36 51 26 21 36 21 34 32 39 51 38 30 32 30 49 43 43 35 43 35 37 34 31 29 31 32 41 34 41 39 43 29 34 20 30 26 33 52 28 30 33 34 34 35 34 32 42 35 25 34 46 36 44 30 37 41 39 32 26 27 37 39 41 33 42 46 32 36 28 26 31 38 35 36 34 39 41 43 30 31 28 30 20 35 45 30 28 36 30 38 46
32 48 30 27 35 42 23 46 38 36 40 42 33 33 22 39 32 37 36 40 43 40 38 28 32 33 34 33 25 30 53 35 29 36 42 40 39 38 39 41 36 34 27 43 49 34 40 31 28 37 24 41 38 34 31 32 25 39 47 30 31 35 38 39 50 23 33 35 38 30 50 40 38 29 23 36 38 39 33 41 40 47 23 31 45 35 40 40 48 38 43 41 30 30 27 29 46 48 42 23
35 35 43 31 34 42 43 47 22 41 33 44 25 33 37 43 28 38 42 36 50 43 34 32 24 39 32 45 38 36 45 37 36 42 22 41 36 29 27 33 35 30 34 46 28 23 30 42 47 37 42 34 44 30 23 48 35 31 32 41 34 47 28 31 42 33 35 29 46 26 35 41 25 26 38 36 38 36 35 24 19 31 37 39 34 35 34 31 33 48 32 38 37 35 26 38 52 41 24 38
30 27 29 46 42 35 49 31 42 45 46 64 35 35 35 30 43 41 31 42 44 29 44 41 35 39 33 42 46 23 36 43 43 39 41 28 33 36 44 51 23 37 39 36 38 24 41 34 32 33 47 36 39 39 39 36 41 43 38 39 39 29 38 42 44 39 38 43 33 45 30 36 25 49 38 26 25 21 30 29 25 30 40 39 24 42 39 36 42 33 47 22 27 31 38 51 24 30 32 30
36 35 32 36 28 35 34 34 34 27 32 29 45 38 36 30 39 31 37 40 46 43 47 28 39 29 48 47 41 28 33 31 27 26 38 28 33 36 40 35 37 33 35 38 40 26 41 36 36 32 37 40 46 23 30 37 34 31 32 37 37 34 43 33 28 27 32 39 38 39 42 32 46 45 39 24 23 31 28 40 34 30 28 43 37 36 24 26 22 43 35 36 28 41 35 42 43 31 31 24
40 50 33 36 38 35 34 36
