0.3 2228 29 30 26 21 19 21 25 26 26 22 30 25 19 22 17 26 15 15 28 20 23 17 21 20 25 21 19 20 18 31 26 21 25 21 20 23 16 22 16 16 24 17 17 25 14 22 17 18 21 22 22 20 15 20 23 18 17 32 18 14 19 18 23 21 20 20 18 23 24 19 27 21 27 14 21 18 11 22 27 16 17 22 17 19 24 21 22 17 19 26 18 12 13 17 20 11 16 16
17 27 16 16 21 13 16 20 15 21 17 26 14 26 20 33 22 50 21 27 19 26 17 24 23 19 25 18 18 22 24 22 22 31 17 17 18 17 19 15 24 22 16 18 14 19 26 11 21 18 18 23 19 16 19 16 15 15 13 21 18 18 15 22 19 25 22 18 28 14 24 23 21 17 23 19 19 14 11 22 19 16 32 24 22 19 27 17 20 15 22 18 33 30 23 22 30 32 17 22
32 27 30 24 11 17 17 17 16 24 18 15 15 22 23 22 28 13 30 16 22 26 12 22 25 12 21 21 18 17 18 13 16 21 26 25 36 22 32 27 25 16 20 34 22 24 25 19 16 14 23 11 15 12 21 30 25 19 17 27 20 18 18 20 19 21 28 16 17 14 16 15 19 20 34 15 21 14 29 18 14 25 21 27 21 20 27 22 29 22 17 22 22 19 17 21 13 20 18 14
22 36 12 18 15 26 21 15 27 18 14 23 28 22 23 18 12 14 26 25 31 17 21 23 19 29 20 24 27 31 18 26 25 26 19 28 34 28 23 18 16 28 26 20 21 11 25 15 18 17 17 23 15 22 19 25 16 25 16 21 21 13 17 16 19 24 19 25 20 34 18 14 20 19 12 15 16 30 12 17 11 14 21 12 20 18 20 18 16 23 20 15 21 20 32 23 23 31 20 16
36 26 16 24 20 21 16 17 23 10 15 17 19 23 14 20 19 23 29 17 24 16 21 19 16 28 21 16 18 21 23 21 21 12 17 14 23 23 16 18 30 15 19 20 20 28 16 23 18 24 23 29 20 24 25 23 23 17 15 20 28 14 20 20 17 18 24 30 15 32 24 30 25 28 21 24 14 14 17 15 18 23 19 26 28 19 18 16 15 19 11 22 20 25 18 23 26 19 25 27
21 14 20 17 15 15 25 28 14 25 26 10 20 19 13 17 12 18 27 22 20 22 21 14 24 20 22 22 16 26 18 17 14 16 26 28 18 20 16 16 18 19 16 27 21 14 19 26 18 23 27 26 21 19 13 22 19 28 21 18 21 16 22 19 25 26 30 27 25 19 8 20 18 22 30 19 19 27 30 17 19 12 16 14 21 25 20 10 15 20 16 20 23 17 11 18 19 26 19 15
25 20 22 22 13 17 24 16 16 10 14 15 19 20 25 18 20 22 16 21 15 22 23 30 14 20 15 19 14 19 15 22 21 20 23 23 19 25 21 18 17 28 23 31 15 11 15 16 16 18 18 17 17 12 15 23 7 21 23 14 13 11 25 16 15 17 31 17 20 16 16 15 18 15 19 17 23 19 27 22 24 19 26 21 30 16 23 24 13 14 28 20 27 29 20 22 15 20 14 30
15 30 26 17 17 16 13 15 18 16 21 16 19 9 21 17 15 28 30 29 16 24 20 31 22 20 17 11 14 17 18 30 19 21 12 19 20 15 31 18 35 31 31 27 32 20 13 18 8 4 20 26 18 16 18 13 18 23 15 17 26 14 21 13 21 23 22 34 22 18 18 17 26 24 28 18 30 27 26 19 37 22 25 21 20 16 18 13 21 23 19 17 5 31 21 25 20 14 25 18
23 16 23 27 26 26 17 16 21 23 21 24 27 26 30 17 22 24 13 14 24 24 15 13 24 17 23 44 28 25 15 25 16 23 16 17 30 34 19 24 16 26 29 25 29 22 24 21 18 24 18 28 22 21 19 19 18 30 30 29 23 32 20 17 19 17 23 15 22 13 24 28 21 23 16 26 21 22 17 20 25 17 20 24 22 19 14 16 11 17 20 18 17 22 21 19 18 24 28 21
23 17 15 13 27 21 17 20 14 28 26 24 32 29 23 23 26 28 19 33 22 19 23 23 25 23 23 26 11 24 28 20 33 30 29 18 26 14 28 16 15 14 30 29 23 26 21 26 29 22 16 18 15 17 20 18 21 13 36 19 18 14 28 18 18 26 19 19 23 14 22 27 26 23 28 38 23 25 28 17 11 18 21 12 25 23 14 27 13 21 22 15 29 29 19 15 17 18 18 26
18 18 18 19 23 24 18 16 17 22 34 20 16 18 16 17 12 18 25 25 18 25 19 18 25 15 20 19 25 17 17 23 27 26 13 13 28 22 28 26 22 16 20 20 25 27 27 19 22 15 15 20 25 18 18 19 17 19 40 19 27 28 27 22 33 23 21 21 23 26 12 19 13 20 22 15 13 20 19 15 17 21 27 20 16 30 26 26 21 26 25 16 29 21 33 27 13 25 27 11
16 17 27 26 16 16 21 21 21 22 14 19 28 20 26 19 13 16 20 19 33 21 23 18 21 27 15 21 18 23 31 24 16 21 17 17 18 29 16 16 35 35 13 22 18 27 20 29 20 16 22 25 26 30 27 17 20 16 18 12 14 25 11 8 15 22 18 21 16 13 33 16 18 21 21 24 20 26 24 19 31 25 12 16 11 13 21 12 18 17 19 21 20 23 26 19 24 15 18 25
19 15 17 19 22 19 15 19 16 17 34 33 22 15 21 18 18 22 19 25 18 14 16 17 14 21 30 19 24 18 18 21 14 22 21 20 20 28 16 14 16 20 19 24 15 19 21 7 13 21 16 14 23 15 15 18 21 20 17 21 29 19 26 11 24 23 20 22 15 22 29 25 25 23 16 12 21 20 17 21 19 26 16 20 16 19 20 17 20 19 25 15 16 14 19 26 9 21 22 15
21 23 22 19 17 16 20 18 15 18 18 29 25 30 28 13 22 21 21 24 39 24 16 14 19 19 16 18 18 19 22 19 25 22 16 21 12 24 14 19 23 27 14 24 20 21 18 19 21 29 20 22 16 28 14 27 28 26 21 17 23 20 24 31 14 21 19 20 18 25 28 15 27 27 42 40 13 18 24 23 16 20 21 24 20 18 18 19 17 20 13 24 17 24 26 19 27 30 20 25
25 16 11 24 33 35 34 22 14 15 19 28 20 31 22 22 16 26 17 12 21 22 24 28 21 31 28 27 12 30 30 26 24 33 29 22 25 11 10 14 16 20 23 19 21 24 16 18 25 17 24 18 32 23 28 20 20 14 23 18 14 18 18 14 21 20 19 25 21 18 19 18 26 18 23 22 17 22 19 23 30 13 27 21 13 17 25 16 23 18 17 15 30 28 19 13 16 24 30 20
31 13 23 21 22 21 21 15 21 25 16 20 23 16 22 18 14 20 15 19 23 23 18 13 27 14 24 23 18 19 17 20 19 19 20 19 19 10 10 17 16 17 26 22 19 12 15 15 23 33 22 23 19 24 15 13 20 22 13 11 22 28 27 16 20 13 20 18 14 16 20 15 16 17 14 22 21 19 27 25 19 30 19 21 19 15 17 11 14 26 28 22 22 16 16 21 19 11 20 13
26 19 19 19 19 20 21 29 15 26 19 16 15 18 21 40 21 17 9 18 15 25 12 19 24 24 13 17 18 15 14 18 17 18 27 21 20 23 19 16 27 16 10 27 17 19 19 14 22 23 18 13 14 23 18 23 20 26 20 31 27 20 23 23 20 22 17 11 25 21 17 18 31 19 17 18 14 23 22 18 20 15 22 21 24 16 17 18 18 24 16 23 19 18 20 18 26 33 24 18
26 15 19 23 12 21 19 12 22 20 15 26 22 12 31 21 12 24 18 21 16 20 16 26 16 23 16 27 19 15 20 19 22 25 22 16 18 27 12 21 26 23 18 10 15 19 15 18 15 22 15 17 21 25 17 13 24 14 14 13 24 15 13 12 16 33 20 7 23 23 32 10 16 15 22 28 25 13 18 20 13 19 19 23 22 24 21 20 20 17 27 22 18 23 21 26 22 26 19 21
21 17 13 19 14 12 12 18 24 25 15 19 26 14 17 21 22 18 30 20 21 21 23 18 18 15 15 13 23 25 13 11 23 18 19 18 23 10 15 13 18 18 18 13 21 19 29 15 13 9 22 10 14 13 27 14 24 14 19 19 15 24 31 18 15 20 14 16 20 18 15 22 13 27 27 23 13 23 21 23 20 22 15 64 16 14 23 17 18 17 24 18 28 22 15 17 16 17 15 16
17 23 16 16 20 22 25 16 17 24 24 27 20 11 20 22 24 28 11 14 10 12 16 16 28 19 28 16 23 24 24 25 19 23 13 20 25 26 21 18 15 23 22 32 15 15 14 17 16 19 18 19 25 26 21 17 18 21 19 21 20 21 19 27 23 18 18 28 28 15 19 18 16 18 16 24 27 33 24 23 20 23 35 17 24 25 21 14 17 18 18 27 16 21 29 17 19 22 19 27
25 17 30 17 17 26 27 23 34 18 20 19 22 28 22 25 20 17 19 17 19 30 16 19 22 29 15 21 21 16 20 20 17 15 16 12 15 24 18 17 17 18 17 18 18 20 22 26 15 15 20 21 20 22 26 16 17 19 18 24 18 23 15 20 14 29 17 21 19 23 22 20 15 10 18 23 20 18 17 14 18 21 17 18 19 28 25 21 19 23 18 19 16 26 19 24 19 18 22 12
19 22 27 24 17 18 25 11 24 17 18 20 23 20 21 33 19 31 27 24 17 14 18 30 10 19 19 22 28 17 19 29 21 17 21 16 13 22 21 18 16 22 15 22 9 30 23 23 18 20 8 17 18 18 24 20 19 21 22 14 17 18 21 15 17 15 24 18 22 21 27 23 24 22 23 23 28 27 17 18 21 24 28 13 24 22 23 16 23 19 17 25 16 16 13 23 20 19 19 28
26 23 18 22 18 25 31 17 17 20 17 25 16 17 15 28 11 31 19 15 23 23 19 20 19 23 17 18 25 21 19 20 25 24 19 26 24 21 23 23 17 24 17 18 19 18 15 13 17 11 14 16 22 14 22 10 19 20 13 21 17 18 29 44 23 20 17 21 10 25 15 30 25 31 20 13 20 17 17 15 12 15 30 21 15 21 19 17 15 18 13 20 13 22 14 18 19 14 20 23
22 16 24 9 18 20 17 18 27 22 16 17 25 21 25 14 20 12 18 15 21 17 23 26 19 20 15 17 28 15 20 21 24 14 17 21 26 25 16 17 29 24 22 24 12 7 16 17 21 13 20 14 15 16 17 19 22 22 22 18 27 26 30 23 33 25 15 20 15 24 24 21 17 14 19 14 12 19 16 20 14 21 16 22 18 18 10 22 22 19 31 21 25 26 12 22 25 21 16 28
26 16 26 20 17 29 22 20 25 24 21 20 11 26 28 24 26 19 21 17 25 19 17 27 22 20 18 20 17 26 31 21 33 31 22 19 14 54 19 10 43 23 20 22 19 20 20 18 21 23 26 15 29 19 12 43 22 18 23 23 23 22 23 18 26 16 18 27 27 21 14 15 15 21 24 19 16 14 18 14 22 17 20 26 19 20 19 26 17 26 17 15 18 18 17 18 23 22 19 23
26 27 17 19 18 24 17 34 11 15 33 32 16 16 19 11 20 21 22 29 22 28 22 24 17 26 15 17 15 20 18 18 16 16 14 17 18 18 24 14 16 22 20 19 22 18 17 15 18 15 12 23 16 22 14 14 10 17 26 19 15 17 14 21 25 18 17 22 25 25 28 23 24 21 8 17 11 14 21 17 16 23 25 14 13 24 24 10 20 17 19 24 19 17 23 18 30 21 25 24
17 21 15 18 13 13 16 19 21 17 14 11 13 11 22 23 13 14 24 15 18 25 16 16 25 19 12 17 14 15 17 16 12 12 26 24 15 20 24 21 18 27 17 21 20 17 18 27 20 15 21 21 29 20 18 17 21 14 26 18 23 17 31 23 22 25 22 22 15 18 25 28 18 15 14 18 19 17 15 21 29 16 19 21 18 17 21 24 14 13 17 25 17 15 24 23 14 18 18 25
18 13 18 18 24 13 13 14 12 21 26 19 14 15 19 18 18 21 18 23 16 14 20 27 25 28 20 19 26 28 29 19 17
