0.5 2303 21 14 15 18 25 19 27 28 22 15 52 28 21 18 28 26 14 24 24 19 14 17 22 25 30 25 22 38 22 19 12 25 28 21 22 23 28 23 20 23 20 10 17 28 17 25 10 20 17 17 20 20 25 29 22 23 11 25 24 22 16 24 12 12 14 21 22 22 17 16 20 20 15 14 12 29 20 20 21 20 16 27 18 15 24 25 17 19 13 24 28 27 18 26 18 28 23 22
12 18 23 9 15 9 21 26 21 19 15 18 20 17 11 17 17 19 23 15 17 20 26 11 17 26 27 12 21 19 19 16 34 18 24 12 20 16 17 16 19 24 20 19 17 17 17 23 57 60 47 42 36 18 16 18 25 29 27 17 11 10 18 12 15 22 17 20 25 10 15 16 16 12 24 19 23 25 19 20 25 20 18 19 25 21 25 14 14 11 11 18 27 12 17 26 16 24 20 15
27 24 14 14 19 18 23 17 15 28 16 22 20 13 25 14 23 21 17 16 20 14 23 23 19 8 21 17 21 17 19 18 19 21 24 17 24 33 19 22 14 19 17 14 15 22 19 13 11 16 34 19 16 24 14 16 20 19 20 27 17 11 21 24 15 19 14 27 19 21 20 24 17 16 25 16 17 22 22 27 14 24 23 24 19 16 27 22 13 20 11 19 16 16 27 32 19 19 24 19
26 21 25 17 14 15 19 17 8 11 15 12 27 23 10 27 39 24 17 19 20 18 21 21 11 21 11 27 22 28 27 24 21 25 16 23 15 21 16 16 13 20 32 19 21 28 24 15 10 24 12 20 21 25 30 15 18 16 23 26 23 26 22 28 23 22 23 14 16 21 23 19 22 28 22 19 17 20 26 28 25 20 25 24 18 15 26 28 15 23 15 21 14 24 13 22 24 36 25 26
18 31 19 23 23 15 23 19 24 21 23 23 19 15 12 22 18 19 23 24 17 13 29 20 22 22 17 24 16 22 26 15 26 25 23 18 22 22 25 20 27 23 17 19 26 17 17 27 14 26 24 17 20 15 13 26 25 20 17 14 14 23 15 21 18 16 18 7 21 19 17 15 24 23 18 13 28 27 15 26 19 13 30 18 24 21 17 18 18 19 21 19 23 30 17 22 14 25 25 32
29 28 13 26 19 23 29 24 24 32 15 17 14 24 19 25 24 25 20 18 31 30 22 19 20 14 17 20 18 9 31 17 21 23 21 23 13 24 14 16 23 20 14 14 24 11 23 24 23 16 19 27 15 18 23 20 20 23 10 28 16 22 14 25 25 23 16 22 18 19 23 18 26 18 26 25 30 28 15 15 25 24 27 23 20 18 16 20 30 24 21 26 13 17 21 20 19 21 15 21
23 17 28 16 21 19 22 17 24 18 18 23 29 20 18 19 20 17 18 18 21 30 24 20 14 17 16 13 17 13 15 26 25 23 24 15 21 25 21 28 18 21 18 15 19 18 22 15 17 14 16 25 16 29 11 16 18 27 28 18 25 26 25 16 21 2 26 13 21 19 15 24 17 26 17 17 21 14 14 24 28 13 20 17 26 15 19 26 21 28 11 24 20 13 24 18 27 21 19 26
18 30 18 22 18 11 20 17 14 30 18 20 27 21 12 16 15 19 18 19 21 14 27 16 22 11 22 31 14 18 16 21 20 10 22 16 31 19 18 20 21 20 20 21 22 25 16 18 17 21 25 21 26 20 15 26 23 27 27 25 15 19 22 7 22 17 25 18 20 16 21 19 14 15 22 24 13 10 18 17 21 25 18 18 20 21 21 17 11 15 22 11 14 10 9 21 15 12 18 20
14 20 11 26 18 17 14 18 23 29 21 13 19 17 22 35 20 29 13 20 13 28 24 21 15 18 22 11 12 8 17 18 18 15 23 13 17 19 10 18 22 18 24 13 23 23 11 21 34 20 15 22 21 13 30 17 22 19 11 13 30 27 38 39 30 15 14 24 16 15 25 20 17 20 19 22 26 24 18 17 25 18 12 18 13 13 18 18 19 13 23 18 24 23 19 17 19 15 21 15
20 23 16 20 24 26 27 26 23 12 35 18 18 15 28 17 11 24 15 17 21 29 15 25 12 20 15 19 18 21 21 27 27 19 22 18 22 20 13 26 23 23 25 27 27 26 20 18 22 24 19 24 21 19 22 26 24 29 20 27 24 21 51 44 49 42 15 24 19 24 21 16 15 25 24 11 18 32 23 32 21 22 18 19 12 30 27 31 23 15 22 17 18 19 25 24 28 25 25 15
20 12 17 23 16 23 24 19 12 19 13 20 24 21 19 16 21 21 28 14 10 25 23 19 19 27 18 18 12 20 23 16 20 20 19 24 23 31 20 18 27 19 27 26 20 31 15 15 17 22 20 24 17 21 18 17 18 25 12 23 19 16 23 12 21 26 19 15 28 21 19 23 17 12 24 16 21 22 16 29 22 24 41 55 53 13 9 26 18 18 27 13 16 14 30 25 21 10 22 21
26 22 24 23 22 30 14 15 19 27 24 19 30 19 21 30 22 14 14 16 20 15 19 18 19 17 13 26 21 22 25 27 24 35 12 23 23 26 24 27 23 21 24 27 23 17 25 17 23 12 18 18 15 21 26 25 17 22 26 17 25 20 20 23 23 31 32 25 24 24 30 29 20 33 16 29 25 19 40 13 21 24 25 46 32 22 11 21 24 15 25 29 17 20 22 22 24 27 29 27
26 27 17 22 15 29 17 8 16 28 27 19 20 22 32 22 15 11 25 20 24 21 21 15 20 22 21 16 14 14 14 8 32 18 18 28 13 21 15 21 21 23 24 20 26 23 10 19 27 16 17 18 22 25 27 15 22 21 23 21 31 18 17 20 29 25 16 20 21 20 21 22 19 21 22 21 17 13 24 18 37 18 17 15 20 8 24 20 14 15 19 19 33 20 17 25 20 24 21 29
19 15 19 17 25 23 19 13 17 18 15 11 14 21 20 22 21 17 24 18 17 26 24 24 21 18 22 20 15 34 23 19 20 18 17 16 25 18 17 13 21 23 23 22 19 21 29 18 27 12 28 40 21 31 22 25 22 20 23 20 27 20 23 16 25 20 22 16 26 21 24 24 22 23 20 12 13 17 12 27 21 25 15 25 23 19 20 25 25 22 25 16 29 24 20 26 17 28 27 24
23 20 24 29 25 22 24 11 19 17 14 22 16 22 18 27 24 24 17 22 17 16 11 20 20 15 15 20 17 18 12 13 16 21 19 27 13 24 24 13 10 16 20 19 27 26 19 18 22 21 20 14 19 12 19 15 16 13 16 16 20 18 23 21 36 25 14 14 32 21 14 25 19 13 16 17 23 24 21 15 15 22 20 13 27 17 19 18 12 13 16 16 24 24 17 15 13 23 26 14
14 17 17 20 13 15 21 15 34 21 16 19 24 51 23 38 20 13 22 22 12 15 23 13 17 25 21 15 22 22 19 17 20 11 18 15 20 12 11 19 29 19 20 21 16 21 14 24 18 17 19 20 22 18 13 21 22 20 19 21 22 22 24 15 19 19 20 16 19 11 12 20 19 19 15 12 28 24 27 17 18 22 13 21 22 18 25 16 14 19 17 18 14 8 25 17 15 12 18 14
19 16 19 18 20 31 20 25 12 16 15 12 32 19 24 23 22 13 21 18 23 11 16 19 13 20 19 23 19 22 28 16 18 23 21 18 21 21 23 27 18 25 19 18 12 20 13 27 22 22 20 31 23 17 16 17 19 14 21 18 19 17 25 21 29 24 20 25 27 11 15 14 16 14 14 19 19 27 14 15 17 18 15 16 20 22 20 17 14 26 20 15 22 16 21 18 19 17 18 18
22 22 14 27 20 16 16 17 24 13 22 28 34 17 17 14 21 26 28 17 23 53 15 27 22 10 15 27 17 21 11 23 26 18 17 23 16 8 25 21 25 14 18 11 11 11 33 19 23 18 21 16 22 15 20 20 22 19 16 23 19 19 21 23 12 16 15 20 10 24 28 13 18 7 19 16 34 25 31 19 18 18 29 22 23 25 18 16 32 25 26 21 16 16 10 21 28 27 29 23
26 22 23 23 19 29 23 22 19 25 25 20 16 14 22 17 18 21 25 21 23 27 10 21 25 30 17 17 16 23 15 16 25 19 23 18 24 25 18 27 17 21 17 22 23 22 15 17 24 26 25 20 22 15 34 31 22 13 23 21 17 20 23 21 21 19 29 18 13 14 20 21 23 24 16 20 25 8 20 15 26 19 15 23 26 24 13 20 20 21 16 25 20 14 14 17 24 20 17 21
14 20 25 19 24 13 19 22 15 24 15 17 20 20 17 18 22 17 31 17 18 11 24 10 16 23 23 23 18 13 19 25 24 30 20 18 23 31 19 23 28 24 25 16 28 18 19 23 18 30 25 16 14 25 26 23 12 15 15 32 21 23 20 26 15 16 21 16 12 15 9 20 14 16 28 19 20 21 15 17 22 21 20 18 24 20 14 16 19 39 17 21 17 20 18 17 35 24 18 15
24 18 22 18 17 9 23 17 17 24 13 24 25 16 19 21 30 19 28 15 7 23 25 24 22 22 19 18 15 25 26 19 23 22 13 27 21 21 20 14 14 13 12 16 14 27 23 22 22 17 15 23 13 22 30 16 17 19 16 23 27 18 17 22 19 19 23 22 18 14 11 13 12 18 28 26 31 13 17 13 35 17 20 14 16 21 15 20 17 19 19 19 19 17 13 32 18 23 17 29
31 14 15 16 23 17 16 22 19 17 27 22 29 25 24 15 23 15 13 14 16 27 16 30 14 19 21 13 23 16 21 8 15 15 13 13 25 24 23 20 9 17 15 16 16 29 22 19 20 15 23 12 20 33 15 18 12 13 17 21 19 16 20 24 25 14 20 26 13 22 14 18 28 16 13 27 23 19 18 16 19 13 18 18 18 9 20 25 28 27 29 26 25 17 15 15 20 14 23 28
13 18 26 16 16 15 15 19 15 16 34 25 18 22 14 16 13 20 16 14 18 16 17 16 23 24 11 10 17 20 21 19 23 13 19 17 12 21 22 29 24 23 22 7 12 29 23 15 21 21 20 19 17 25 21 21 22 24 14 15 24 23 29 23 17 18 24 18 13 13 17 20 16 21 24 20 19 26 25 26 16 13 28 6 20 11 19 14 23 18 23 14 19 17 27 20 15 19 19 20
24 25 17 17 20 17 16 18 17 24 15 21 11 22 16 15 26 15 21 14 16 21 19 24 21 11 20 22 20 19 16 13 15 14 13 15 21 22 14 15 14 18 21 16 20 16 21 14 21 23 22 13 12 14 35 14 20 20 18 19 21 25 18 21 12 17 15 21 19 23 21 25 16 20 17 22 23 17 17 9 23 18 17 33 17 12 16 12 25 24 18 18 18 21 26 17 23 21 16 20
20 16 18 25 21 17 16 30 17 22 24 25 21 15 16 24 14 17 13 23 21 19 18 15 22 17 16 22 17 16 11 17 14 13 11 20 15 13 17 20 11 14 23 20 22 17 10 19 17 10 14 13 25 26 20 15 12 19 21 17 30 17 15 16 20 22 15 18 12 15 16 15 18 18 27 19 24 16 22 12 24 22 17 11 22 19 19 15 12 16 16 17 23 15 23 14 21 20 17 23
14 14 16 23 13 16 16 20 23 18 19 29 15 21 9 17 17 14 20 11 16 27 14 20 14 9 18 13 19 26 14 25 26 19 28 23 13 26 19 15 23 14 15 18 13 29 24 19 19 27 19 19 23 21 11 23 24 19 12 24 15 10 15 18 21 18 18 20 23 28 18 18 14 19 22 21 17 23 20 23 26 23 30 17 27 35 18 22 27 27 16 16 22 16 38 27 18 26 18 25
19 18 26 28 25 37 20 12 12 13 13 20 16 17 17 21 14 12 24 26 26 19 18 22 26 20 18 15 12 26 22 24 13 13 17 23 28 15 19 19 21 24 23 12 16 21 19 9 13 28 17 20 15 26 22 18 19 14 22 25 14 28 30 15 14 15 16 23 24 22 26 19 16 16 19 7 21 23 10 24 19 13 23 20 23 21 22 21 11 22 18 19 18 18 20 17 28 19 13 14
17 11 20 9 12 13 27 15 34 23 22 23 28 30 10 25 17 30 19 25 28 19 26 15 15 14 23 20 13 17 23 18 18 11 13 22 23 31 20 26 11 25 26 24 22 30 19 18 13 15 16 21 26 27 11 16 22 22 21 27 17 27 26 17 15 15 16 15 20 15 16 16 30 26 29 31 23 21 17 15 26 19 22 18 14 15 22 17 20 16 12 21 12 23 20 19 22 23 12 24
20 20 16 16 15 10 21 17 29 18 17 13 18 24 25 15 18 19 24 25 11 30 24 12 30 24 22 6 20 20 22 15 27 26 26 14 20 23 16 21 12 17 18 19 16 21 21 17 22 17 24 32 21 14 16 11 16 13 21 11 12 16 15 21 15 18 16 16 26 24 18 19 20 24 15 14 13 23 29 17 18 14 22 28 18 25 24 20 22 20 9 20 20 15 26 20 22 20 22 21
26 22 20 16 19 28 13 18 16 23 24 18 21 23 31 18 18 20 29 17 15 18 27 19 25 23 14 17 34 20 24 16 27 25 21 21 25 24 12 19 14 17 21 21 29 22 20 24 16 30 15 23 23 17 21 19 17 15 20 14 18 23 13 18 20 16 24 22 27 25 19 24 20 23 18 26 20 27 19 18 16 21 24 13 26 26 18 23 10 21 16 26 18 11 21 17 26 19 17 26
21 11 27 25 21 25 15 28 22 15 16 17 16 10 15 17 20 15 10 23 25 27 23 27 19 17 11 31 27 23 18 17 17 19 19 14 10 26 31 19 21 18 25 21 20 13 22 32 20 17 24 23 21 17 22 24 15 16 14 17 23 15 19 25 22 22 13 20 15 25 20 20 19 22 18 22 22 21 18 19 21 15 30 27 12 17 22 13 25 18 12 18 27 29 22 17 25 19 15 18
17 13 21 21 13 16 21 30 22 19 21 17 21 15 26 15 19 25 21 27 31 20 24 8 30 17 17 14 20 13 19 17 16 24 21 19 21 18 19 21 14 13 14 20 17 15 25 21 14 19 16 20 13 27 21 16 20 20 18 21 21 23 20 23 13 21 15 23 23 12 32 19 19 27 15 15 17 25 10 19 19 112 51 19 5 25 15 22 34 27 19 12 15 14 10 18 24 25 19 15
16 13 14 16 20 27 30 11 27 14 13 26 11 18 26 20 24 21 12 21 28 22 33 14 14 19 11 22 23 35 20 27 29 33 21 24 19 11 13 14 18 25 26 14 16 15 19 20 18 19 24 13 15 21 22 22 22 19 18 16 20 17 12 13 19 17 20 17 26 28 25 24 34 24 13 37 22 13 15 25 22 14 34 25 24 21 16 19 25 11 11 21 7 14 24 19 19 20 24 22
22 19 20 17 16 12 17 13 20 22 22 21 20 22 17 22 14 13 9 14 19 19 21 15 18 15 23 23 12 19 17 11 13 19 25 13 15 17 24 19 17 18 28 23 19 14 20 15 18 29 22 23 19 18 16 16 17 15 26 15 22 26 17 16 21 16 18 23 18 27 25 17 14 14 18 17 17 24 15 17 13 21 19 15 10 19 20 14 32 19 23 14 10 13 23 15 20 13 14 13
18 27 20 19 15 18 16 25 10 23 18 21 26 16 19 19 20 22 23 14 23 9 18 27 17 15 19 20 13 8 19 11 10 17 22 11 17 23 17 24 24 18 19 11 22 35 19 24 24 27 20 16 13 20 14 15 17 17 15 23 24 25 11 10 13 22 14 21 24 23 17 14 22 17 21 21 30 24 23 25 16 15 21 16 21 23 15 17 19 24 17 23 24 23 17 18 19 17 21 14
31 24 20 24 24 15 25 18 15 14 17 6 17 7 16 28 26 21 28 27 19 31 29 19 16 29 16 25 20 17 34 9 15 27 20 13
