0.42 2345 30 20 21 23 21 17 27 23 27 24 23 21 30 25 31 17 21 6 22 23 21 26 37 21 35 26 23 29 23 28 36 16 21 25 22 32 22 26 25 23 32 36 13 38 27 32 31 26 31 19 24 29 29 35 23 40 19 34 28 32 32 27 25 28 20 26 11 25 33 25 33 29 31 22 23 27 22 21 35 32 34 44 34 33 25 37 25 26 72 42 19 19 17 19 29 29 27 34
30 27 25 28 34 25 33 29 23 22 30 21 17 21 22 34 18 29 30 29 20 27 27 21 31 23 23 28 29 26 27 24 17 20 23 23 24 20 12 22 21 26 34 23 22 28 25 30 24 33 21 30 33 20 34 25 23 20 28 26 28 19 19 27 26 21 32 27 25 23 28 22 28 22 22 8 23 22 26 19 27 20 27 35 25 31 40 22 33 26 30 31 21 27 27 30 35 29 24 19
25 32 22 24 21 25 20 34 37 42 36 26 32 37 22 20 27 36 29 26 27 28 13 36 27 24 20 29 27 26 28 17 29 30 35 35 17 25 23 20 30 34 30 26 26 30 35 21 30 32 32 29 27 28 38 27 27 23 31 34 37 25 29 26 38 34 39 26 28 24 33 40 24 34 23 31 21 27 26 26 29 27 16 23 26 38 37 33 23 31 25 22 30 25 27 15 30 27 22 20
18 31 22 22 27 43 26 32 14 25 22 25 36 21 23 33 22 26 28 30 22 28 27 24 23 25 16 25 28 22 21 30 11 25 21 22 30 22 19 22 36 24 31 22 31 31 19 23 35 26 30 32 32 28 28 27 26 25 22 34 20 28 28 20 26 25 27 19 38 32 21 22 30 33 34 28 22 31 23 24 18 40 19 26 27 30 24 37 28 24 30 35 29 27 31 27 30 31 33 26
28 24 28 31 25 32 22 27 26 23 30 22 39 19 26 22 22 38 16 34 37 18 23 32 31 35 37 21 21 29 31 26 14 29 27 33 16 25 34 38 22 24 22 39 25 26 22 29 19 22 25 35 28 22 22 21 30 32 28 23 19 29 21 25 28 19 17 29 22 26 24 30 7 19 30 21 20 26 31 33 30 25 23 33 27 22 33 28 24 23 18 26 28 32 22 31 37 33 21 30
31 30 28 17 31 21 22 16 30 22 23 27 26 29 27 38 35 33 32 20 23 35 24 15 19 26 24 17 32 23 25 26 27 21 27 25 22 22 23 20 28 28 39 22 30 17 23 25 19 18 24 31 17 14 22 26 31 22 26 20 18 23 25 25 22 30 37 31 29 25 24 32 33 28 22 32 29 32 33 18 26 27 25 27 25 35 18 30 25 30 31 29 32 23 26 19 27 33 30 29
29 34 33 35 31 23 19 29 28 28 27 25 25 39 33 33 25 30 26 24 36 20 27 14 21 32 28 26 31 34 34 21 24 24 29 22 21 19 28 23 17 26 17 31 26 21 34 27 37 15 30 30 29 27 25 24 19 28 26 31 28 31 17 31 25 32 27 23 34 18 31 24 34 29 28 28 19 32 26 29 32 24 24 21 19 29 24 24 54 79 59 27 27 44 31 23 27 24 23 32
16 25 28 36 28 19 28 35 39 18 25 24 30 26 25 12 40 21 29 26 29 42 31 18 23 25 18 23 25 20 25 20 39 23 21 26 36 26 29 29 19 30 24 33 15 30 33 32 23 16 22 32 19 29 27 32 24 20 28 26 28 33 26 28 30 27 22 24 25 16 16 23 26 23 20 33 25 30 32 23 25 21 28 30 38 36 41 24 22 22 29 38 28 28 37 24 23 24 33 19
27 24 20 12 24 24 31 25 30 28 21 19 22 30 23 28 21 34 30 25 20 19 21 29 31 26 30 27 34 29 32 28 35 32 25 28 35 18 26 26 23 29 27 23 30 25 25 38 29 25 19 22 24 20 28 23 23 28 23 27 28 28 26 24 21 19 30 29 38 27 28 23 31 20 14 24 21 22 23 25 25 26 23 27 24 30 24 17 23 26 26 30 24 29 22 34 24 30 29 28
31 28 34 23 32 30 32 40 21 23 12 31 22 31 23 20 42 26 26 21 31 26 27 34 19 25 21 27 24 29 36 19 22 14 28 22 27 32 25 20 13 25 25 33 11 23 24 32 29 16 35 26 21 32 30 18 38 36 28 16 26 40 23 25 33 27 24 26 18 33 37 25 25 31 30 24 31 34 13 22 21 34 27 23 39 31 17 20 27 27 22 22 24 25 24 29 18 23 14 34
26 31 12 23 25 12 25 17 25 19 23 36 30 24 22 32 22 28 17 32 38 28 26 28 26 25 26 37 36 13 23 32 31 28 29 36 36 25 28 27 21 34 31 32 25 26 26 29 24 34 29 30 29 28 25 23 23 20 23 20 32 33 27 29 29 24 20 30 21 19 28 25 32 37 36 35 18 15 28 30 18 27 31 22 39 25 30 55 28 30 24 26 24 24 16 22 33 27 32 24
30 17 27 27 31 27 22 19 25 32 18 23 31 22 22 26 20 21 22 31 31 34 33 18 35 25 30 24 22 33 19 35 20 15 20 23 38 29 17 23 25 27 28 35 33 24 24 30 24 22 21 39 20 34 20 17 23 23 16 35 25 44 18 23 26 15 19 25 17 29 31 28 19 43 32 39 25 22 23 21 32 29 31 28 31 19 34 24 29 21 25 35 23 24 18 28 29 35 34 30
29 20 25 27 20 24 31 25 28 27 27 31 33 31 19 20 20 28 39 28 29 29 28 30 29 30 30 28 23 15 36 16 39 31 37 17 24 30 22 17 28 21 17 20 26 22 15 31 19 23 24 17 41 35 35 23 23 28 28 24 43 29 31 27 22 20 24 21 39 35 35 38 36 25 19 34 39 22 38 30 25 27 35 25 27 34 30 21 24 24 33 24 25 34 32 22 28 27 24 15
34 24 24 32 24 27 32 28 28 26 28 28 27 30 29 16 27 43 32 33 35 29 26 18 28 21 35 32 18 22 28 24 27 14 25 26 29 31 24 26 19 25 26 23 32 28 27 17 22 28 27 22 31 29 29 22 35 18 11 37 23 26 21 27 25 26 26 20 26 12 31 30 32 27 33 32 26 25 25 32 18 38 32 28 27 29 21 19 21 19 31 28 22 34 31 33 37 21 29 27
29 19 25 27 26 38 22 33 25 27 24 24 22 22 23 32 31 22 18 27 23 30 27 28 30 21 36 34 23 26 36 33 36 20 24 28 27 27 25 19 32 25 16 30 23 33 28 19 25 26 28 22 28 32 24 21 24 25 25 30 23 22 21 31 22 30 33 43 19 30 29 24 27 26 23 30 23 23 29 28 29 27 25 26 26 28 25 29 36 24 32 23 41 24 28 33 29 35 27 25
27 36 19 37 29 31 35 29 27 22 31 33 22 29 32 22 21 33 25 26 26 22 22 21 15 23 28 24 27 22 17 35 27 32 27 31 26 34 20 23 33 22 35 22 18 20 28 27 34 30 32 16 29 19 27 21 27 15 28 26 32 32 32 25 33 34 32 16 37 13 30 26 17 19 12 27 11 28 21 30 26 21 16 21 42 28 30 34 26 22 32 23 22 21 20 22 28 25 34 21
29 31 34 29 36 38 27 28 16 16 21 14 23 26 28 35 25 24 24 18 27 22 30 19 31 17 36 24 14 30 30 25 19 27 20 30 26 34 23 32 19 17 24 36 20 23 26 34 24 25 32 24 23 31 39 19 24 16 26 32 16 21 21 20 30 34 25 21 28 25 23 20 17 30 23 23 21 24 23 28 31 24 31 29 26 27 26 30 34 8 23 18 20 24 23 33 24 26 36 13
23 33 26 24 18 29 28 11 26 32 26 31 25 30 22 37 35 34 35 36 25 24 19 24 19 26 27 31 33 21 14 23 28 28 25 31 24 27 36 36 34 22 17 21 26 26 17 22 26 34 24 31 23 25 23 21 31 25 26 36 24 24 17 24 28 33 25 22 46 18 27 21 24 26 24 32 34 24 26 22 28 24 30 27 32 27 19 26 27 27 24 20 23 25 23 32 33 29 33 26
28 30 31 30 29 28 29 34 34 37 31 24 31 24 23 27 27 26 18 27 21 32 19 28 28 30 27 26 23 24 26 28 24 32 30 23 33 20 25 30 26 21 30 29 31 28 27 38 29 24 25 30 20 19 25 19 18 19 32 21 15 31 27 30 25 27 17 19 22 10 26 29 25 20 23 29 27 28 29 31 33 20 11 24 34 36 23 40 14 15 28 32 28 25 27 31 25 40 29 22
22 19 32 30 33 29 16 24 26 21 25 23 17 24 27 29 28 30 28 35 14 29 33 17 31 23 25 32 28 29 26 29 23 25 21 28 30 34 13 25 28 30 29 36 31 26 36 19 25 31 34 29 33 19 26 24 20 15 25 23 30 25 27 24 26 24 19 24 28 25 22 23 21 25 26 27 32 27 31 21 21 30 26 39 22 22 16 27 22 19 24 36 27 30 24 31 22 29 24 19
30 27 34 27 30 29 40 25 28 25 16 25 27 35 33 23 19 25 33 16 20 18 25 26 24 25 28 29 31 30 18 23 25 31 29 17 33 19 23 33 27 24 27 24 16 35 25 26 26 24 99 26 26 25 29 26 26 27 29 29 35 20 26 22 37 53 17 16 38 31 21 32 21 26 29 29 18 29 28 31 23 21 22 26 23 15 30 36 28 35 19 32 22 29 23 23 27 17 16 28
17 23 28 36 18 30 30 15 25 29 26 19 31 18 23 29 30 31 24 28 29 29 35 19 17 28 22 30 25 30 24 30 22 23 25 30 27 21 28 32 31 27 26 30 27 21 32 33 26 30 26 38 18 24 26 33 37 24 28 35 33 30 33 42 18 26 31 21 31 32 28 21 21 27 33 21 36 28 37 31 26 28 24 22 29 30 29 30 32 32 24 33 34 41 20 36 26 23 30 31
18 23 17 25 27 25 24 26 30 31 28 19 31 24 29 18 29 36 27 23 28 22 21 28 30 24 28 30 29 40 16 22 16 17 27 23 25 20 34 38 22 30 23 16 25 39 20 23 25 31 14 25 29 22 15 23 26 27 22 27 23 28 27 34 15 9 23 25 29 20 16 24 27 37 19 33 24 27 28 31 29 20 25 30 19 35 18 33 24 16 29 28 38 25 24 29 25 26 17 37
26 9 31 31 28 26 28 37 26 21 21 25 31 27 26 19 18 21 15 23 20 21 29 35 25 27 27 21 24 25 18 27 20 21 23 32 24 21 14 28 24 24 26 30 18 24 19 22 24 23 25 30 24 29 30 33 23 21 30 21 28 28 22 28 18 9 26 29 31 23 28 18 35 23 24 23 23 24 27 22 38 27 23 24 22 26 28 29 40 20 21 21 21 33 19 27 36 28 26 27
26 24 28 28 24 32 31 30 26 23 20 29 29 25 27 21 34 26 22 17 33 40 30 23 35 28 30 31 27 31 20 26 16 22 21 30 40 22 28 14 28 31 19 34 28 20 31 25 20 33 22 23 22 19 30 20 30 24 22 22 34 17 33 33 32 29 32 20 45 19 21
