0.49 1825 24 28 43 27 19 23 33 27 29 19 27 36 43 27 35 26 22 31 35 19 20 26 15 28 26 29 24 32 21 26 32 28 21 25 27 32 19 34 25 29 25 35 23 22 16 24 29 24 29 15 26 26 16 25 24 17 24 18 27 30 27 33 29 28 30 25 19 24 28 27 24 28 49 22 30 22 21 22 22 26 29 27 24 19 29 33 34 31 36 30 28 76 77 70 39 70 16 17
17 33 18 21 21 22 24 27 22 41 32 21 22 40 29 35 23 25 36 23 34 20 16 18 19 26 26 24 26 27 20 24 20 25 26 19 21 26 35 25 30 30 21 38 35 23 23 29 28 32 33 29 25 25 26 29 14 23 24 19 26 27 21 28 31 25 28 21 22 22 33 22 29 21 31 36 29 24 29 27 40 29 19 23 26 25 29 30 19 34 26 27 30 30 27 29 27 32 21 28
6 31 24 30 29 27 17 19 27 29 33 39 30 67 34 31 27 20 34 26 24 17 29 24 31 30 15 29 17 30 29 35 22 31 31 30 25 21 31 31 24 23 21 23 20 21 31 31 17 27 34 16 25 31 29 30 25 28 22 38 25 34 35 20 26 29 20 34 26 22 29 26 31 28 27 33 27 20 18 29 16 32 19 30 30 31 33 28 30 28 38 35 23 20 24 16 27 32 27 21
29 31 28 23 26 40 30 27 21 31 18 24 27 31 29 21 25 22 25 22 28 31 21 17 30 40 25 20 23 22 26 26 23 22 21 31 24 25 27 30 23 32 27 29 18 20 32 30 27 35 34 27 34 28 20 25 26 23 30 32 35 32 19 29 28 31 23 40 26 20 15 21 27 20 31 31 33 22 30 33 37 19 27 26 25 29 29 29 24 20 39 28 22 28 19 34 23 22 36 26
30 23 28 26 16 20 33 28 28 30 24 25 23 26 30 28 26 17 27 25 30 26 26 23 21 31 27 26 26 26 30 27 39 37 31 22 21 29 29 22 31 19 20 25 18 20 30 36 26 20 23 32 23 20 25 18 19 26 24 24 19 22 23 26 29 32 36 24 22 26 24 18 28 31 30 31 33 28 33 26 20 25 24 28 26 24 27 26 26 15 28 41 25 29 28 26 28 25 37 23
28 22 35 32 26 32 35 36 16 26 20 26 31 32 15 18 24 23 19 2 24 28 23 19 24 30 28 26 20 24 24 14 26 18 9 32 32 32 37 24 27 24 32 23 32 32 26 23 18 28 19 30 18 29 12 25 30 27 18 22 34 23 16 33 28 22 26 23 23 31 35 29 20 21 42 31 32 24 29 21 33 30 34 18 18 69 41 26 27 17 27 22 24 16 29 27 30 34 21 18
27 27 12 27 33 26 23 34 25 26 19 31 16 32 35 27 26 34 25 27 31 23 37 28 35 30 22 20 32 28 33 29 24 26 27 15 20 26 24 27 30 28 33 33 25 22 23 23 21 25 18 29 29 26 31 26 25 26 33 30 32 21 38 25 20 33 23 35 29 54 39 38 28 31 33 30 25 29 27 21 31 20 32 20 26 34 24 31 29 25 23 28 26 25 28 34 25 32 20 33
33 24 22 31 26 27 32 18 21 25 27 29 32 26 29 28 29 30 29 26 32 30 24 29 23 16 27 26 26 28 28 25 23 32 34 25 29 24 31 24 58 47 25 19 21 33 19 34 25 31 27 22 44 33 44 29 23 23 25 29 29 27 21 28 40 23 34 34 30 20 18 26 26 16 24 22 20 26 13 28 25 26 30 27 25 23 18 21 26 25 18 32 22 30 15 25 34 29 22 25
36 25 23 29 25 25 20 26 25 30 24 26 36 22 23 30 23 15 28 17 30 24 28 28 41 21 29 33 29 31 25 24 14 24 33 13 23 25 23 29 25 19 25 30 19 35 18 39 26 30 18 45 31 32 25 21 32 25 37 31 29 29 33 22 21 38 22 23 12 15 22 25 21 24 20 19 22 32 26 29 25 23 29 19 24 32 27 28 25 25 20 31 22 21 28 29 18 24 31 24
34 20 32 24 31 35 30 15 27 18 26 28 34 19 26 27 18 26 26 33 31 25 25 30 24 23 35 24 26 29 25 25 35 25 28 25 30 36 23 23 23 24 21 30 22 28 25 8 20 23 21 26 29 36 17 25 22 26 11 26 26 32 24 35 22 20 9 24 20 21 18 19 66 22 27 20 31 25 22 28 24 28 18 23 26 28 24 33 15 29 34 27 26 18 19 23 27 21 20 29
25 25 26 20 16 20 27 22 31 27 32 31 22 22 23 34 31 25 31 23 24 26 25 23 25 20 24 30 29 22 27 22 28 25 23 33 31 22 15 25 18 19 33 29 14 31 5 12 36 37 36 24 21 37 22 23 23 16 31 17 21 31 28 28 25 27 14 35 40 18 44 27 25 28 26 26 21 20 34 39 25 34 32 25 31 20 27 32 20 26 32 24 18 29 31 31 27 27 24 26
35 29 24 29 33 19 22 20 27 23 31 28 31 28 29 19 21 24 28 26 34 20 29 24 36 23 32 23 32 30 21 32 29 33 35 22 22 59 25 28 27 20 20 17 23 25 35 28 35 24 36 29 17 34 23 26 22 24 36 26 22 19 26 29 29 19 27 38 27 28 18 22 22 35 28 69 55 66 32 27 22 31 31 16 30 24 16 32 35 31 22 35 28 33 23 25 36 12 24 38
32 29 33 37 46 14 23 23 60 26 33 31 25 29 35 34 22 26 19 23 43 40 27 33 17 26 39 23 24 30 16 12 28 21 27 23 17 17 29 22 37 23 31 24 35 24 32 32 27 23 36 27 27 29 25 32 33 32 17 30 32 33 26 30 36 34 25 20 27 20 25 22 27 20 31 31 21 29 30 29 33 28 21 33 27 28 10 28 30 35 27 28 24 25 19 17 12 27 38 37
35 30 24 29 29 17 31 30 19 23 23 31 34 22 23 24 30 31 18 27 27 21 29 29 22 20 25 33 29 19 34 26 35 22 32 28 22 23 23 35 29 22 21 34 30 33 25 26 31 32 26 36 20 29 23 23 33 31 21 21 31 34 35 31 26 23 26 25 24 25 23 27 19 32 34 26 36 33 29 21 24 29 17 22 20 21 24 34 29 29 30 20 26 17 34 22 31 34 26 31
27 20 29 28 29 34 33 22 27 27 20 29 30 32 24 25 31 34 21 27 23 27 16 5 24 24 19 20 22 31 29 37 29 26 30 39 35 32 36 31 27 18 29 34 24 27 32 28 32 37 28 24 25 24 40 37 27 24 26 20 26 20 29 24 37 32 33 22 31 28 35 26 30 68 18 25 35 29 31 20 22 36 23 25 25 28 29 25 23 25 34 20 25 34 16 20 37 28 27 28
24 25 30 23 24 26 14 27 25 33 21 31 26 26 21 24 31 29 22 26 27 27 14 29 17 29 27 26 30 21 33 27 27 16 18 17 28 36 32 24 33 19 28 27 21 22 31 24 30 34 26 23 25 29 24 25 32 20 21 30 27 25 29 16 38 26 24 24 24 24 20 17 26 26 27 20 26 27 21 20 19 24 23 18 24 29 31 18 23 22 27 27 34 31 19 24 28 23 21 17
26 19 12 28 32 24 24 11 26 27 42 27 25 22 19 21 19 26 31 25 20 24 25 24 31 40 28 25 32 28 20 21 34 22 18 37 17 17 21 21 18 21 20 32 26 16 28 19 27 30 27 20 33 26 28 27 26 29 25 33 28 23 23 21 20 20 20 33 30 29 29 29 29 34 34 23 17 30 25 19 27 26 28 22 31 31 31 32 28 25 29 22 28 28 26 38 18 30 32 20
21 29 38 34 21 33 33 35 33 24 15 18 27 26 20 21 25 21 24 27 24 37 21 20 28 26 31 19 22 31 29 29 26 25 21 20 17 27 23 19 15 21 30 32 20 12 27 14 22 30 23 27 27 29 11 27 23 26 26 24 20 30 23 25 19 24 28 30 28 28 26 29 30 18 31 32 23 26 10 24 22 28 29 24 24 21 16 35 31 27 30 32 26 31 25 13 30 18 25 24
25 35 26 23 27 26 34 33 32 23 27 27 31 28 22 30 16 25 33 29 25 26 20 28 40 15 33 30 26 24 31 34 26 37 32 21 27 28 22 24 24 37 25 27 24 20 31 23 28 34 33 31 23 23 20 23 28 22 31 35 28 22 19 29 33 34 11 27 23 22 34 23 23 25 25 30 27 26 32 25 18 39 26 20 26 29 31 32 16 35 30 26 25 26 30 25 23 28 15 27
15 20 35 17 26 27 27 27 27 24 25 26 20 29 33 29 29 22 18 29 21 35 20 30 30 26 35 41 21 21 36 24 25 23 33 28 31 38 26 35 32 24 20 25 28 23 30 21 22 31 30 28 20 13 23 66 27 35 26 36 25 26 62 98 22 27 16 26 23 23 24 31 41 26 24 19 28 33 26 17 28 28 32 27 32 23 24 18 29 27 21 28 23 26 30 17 35 32 24 22
28 21 27 18 21 24 26 28 26 34 24 15 19 26 16 20 17 17 21 32 22 30 21 24 22 23 21 21 22 28 30 21 24 27 25 36 27 13 20 24 19 24 23 21 17 25 24 23 39 28 25 31 26 31 21 34 11 25 28 25 18 19 21 25 27 28 24 34 24 26 33 32 30 30 20 22 27 26 37 33 30 26 42 33 27 28 34 23 25 25 21 34 27 27 23 28 29 25 27 20
30 23 18 21 26 26 35 28 24 25 32 22 29 19 24 27 29 14 22 38 23 34 40 27 26 33 29 26 30 21 28 21 35 43 22 46 33 18 27 38 22 33 28 28 38 28 24 33 27 30 33 20 14 33 19 26 27 31 31 28 21 36 32 26 40 33 33 34 34 34 36 38 24 26 38 22 32 23 28 27 29 38 23 27 23 20 29 23 23 31 30 25 19 19 24 26 27 27 32 31
30 31 24 27 27 28 27 20 25 16 28 31 22 28 23 38 21 24 21 28 20 34 40 28 26 18 25 29 17 27 23 28 26 27 28 23 23 24 26 22 27 35 27 31 24 13 31 35 31 29 26 21 34 16 22 29 15 25 27 23 24 24 27 34 19 27 31 37 18 26 21 24 24 22 22 27 22 20 30 24 34 35 33 28 35 28 28 20 30 28 23 23 27 21 18 18 28 32 18 20
32 19 25 27 24 35 32 27 23 25 24 27 33 32 19 27 31 24 32 34 32 38 23 27 23 24 28 23 34 6 25 36 29 27 19 36 29 31 21 24 36 28 29 25 24 15 23 28 26 20 21 39 20 18 29 33 32 28 26 34 28 25 26 13 25 33 21 37 27 25 19 29
