0.42 2105 35 41 28 16 25 36 40 27 28 31 48 39 38 41 42 36 37 40 33 38 28 43 38 39 32 46 46 44 45 37 47 36 45 39 27 40 40 38 17 35 38 38 43 26 34 44 37 34 31 33 28 27 27 25 27 31 33 30 33 38 34 30 39 32 38 49 27 31 36 38 36 27 32 48 42 34 40 33 34 37 28 31 38 49 37 35 29 32 141 41 43 43 41 39 38 27 25 38
37 43 38 35 31 28 29 46 34 13 32 35 25 46 26 33 36 40 29 21 32 29 31 19 27 39 26 45 27 34 32 20 31 27 22 35 41 29 30 41 38 27 46 31 29 36 32 37 32 32 42 22 35 29 37 32 32 39 32 30 38 38 38 38 23 33 34 19 33 37 32 53 37 23 29 34 30 29 30 29 43 37 34 41 28 27 35 33 22 29 43 46 39 40 33 49 43 27 35 46
37 31 36 28 27 29 29 35 34 37 36 32 37 33 44 40 24 31 42 23 26 39 33 44 43 28 45 21 41 40 27 40 33 38 26 30 30 29 33 21 25 36 44 32 48 45 29 41 34 30 27 37 32 17 35 33 38 31 35 34 31 33 34 29 27 36 41 42 36 34 21 27 40 46 33 44 50 34 44 32 38 40 29 41 24 27 37 40 29 37 30 50 36 39 31 37 32 39 39 43
34 21 36 39 37 38 40 37 46 39 24 16 40 41 42 24 39 30 29 50 36 61 44 30 32 20 43 41 30 33 34 32 39 39 29 30 40 40 38 31 43 37 27 40 22 38 38 34 38 17 42 54 30 33 14 34 38 40 35 32 35 31 38 32 27 41 44 45 36 44 31 30 45 30 33 28 21 27 32 41 35 34 30 44 34 44 50 39 38 44 22 31 37 24 32 43 32 29 43 34
43 43 34 35 41 41 40 26 39 30 31 34 36 28 31 40 21 44 31 44 35 29 29 37 44 42 37 30 36 33 27 41 34 39 20 45 30 33 46 33 31 34 30 21 32 39 28 28 27 34 26 40 32 37 37 31 42 34 32 37 23 36 36 43 33 37 30 33 34 41 37 51 26 36 32 37 36 31 43 31 36 29 33 35 41 28 39 26 38 43 21 34 30 44 38 23 31 39 36 39
31 33 35 37 34 47 28 33 19 25 39 25 39 30 28 38 28 17 28 42 39 28 35 37 38 24 34 41 32 26 36 28 33 31 37 38 38 43 32 44 44 37 34 30 31 36 44 44 32 38 40 31 34 40 28 30 34 40 41 35 35 26 31 26 43 26 31 41 38 43 45 33 33 25 39 32 44 16 39 54 35 36 27 43 37 33 52 35 20 56 38 31 42 42 30 33 30 37 38 31
41 36 23 34 29 36 29 40 33 39 32 29 27 31 36 30 25 28 35 36 32 36 29 50 38 37 24 21 43 36 19 37 31 36 29 38 43 27 34 29 40 31 15 31 34 5 25 39 24 37 29 28 32 33 36 34 29 31 29 29 39 24 37 22 46 20 22 41 43 38 32 30 27 38 32 35 23 29 38 32 31 41 30 21 21 37 28 44 39 29 38 54 28 32 42 39 43 34 30 30
33 38 42 22 31 37 48 33 51 27 34 9 31 23 32 44 29 35 34 43 29 32 29 36 32 34 40 41 46 31 47 36 35 35 37 30 21 33 35 35 22 34 30 40 48 38 39 26 43 46 32 29 31 28 30 26 47 29 35 28 30 38 38 34 38 50 51 50 43 38 27 67 30 43 27 27 27 28 34 32 23 38 35 31 27 48 41 38 33 36 31 37 28 32 39 38 29 45 28 46
40 38 24 50 26 44 30 38 28 40 47 43 41 33 34 34 28 34 38 39 30 34 33 38 29 30 46 40 20 31 51 37 36 32 35 37 45 33 26 26 32 26 8 32 23 40 30 29 38 29 38 23 38 31 44 35 29 46 21 32 79 37 36 60 57 31 34 38 41 49 19 33 28 32 34 40 30 39 36 32 47 36 30 33 42 36 32 28 33 40 35 39 30 49 31 38 37 29 44 37
31 37 37 36 38 43 42 44 32 25 43 35 19 20 25 30 34 42 22 28 39 33 48 34 28 38 41 38 28 33 27 42 38 34 35 33 41 38 35 31 29 41 29 32 33 28 39 26 29 26 34 41 32 47 28 29 39 29 22 22 32 48 26 33 38 36 36 32 33 28 18 40 38 32 53 47 34 44 28 46 32 41 27 39 37 38 14 28 20 25 18 27 32 29 32 25 43 26 44 28
51 35 24 33 24 19 37 26 31 40 37 36 29 27 39 36 24 27 33 5 38 28 32 33 44 39 23 30 42 29 23 35 31 34 42 38 39 43 29 36 39 41 39 36 35 48 22 24 26 39 28 29 41 35 37 26 37 30 24 35 26 35 33 40 21 40 41 41 33 40 34 26 12 39 45 28 34 34 33 34 38 25 34 39 35 38 34 36 24 27 33 32 27 31 29 34 40 35 26 34
24 42 38 31 33 43 37 43 22 37 35 31 35 30 35 41 41 35 30 32 36 30 27 29 26 42 50 29 24 28 40 35 42 36 32 26 38 34 26 39 33 30 29 36 33 34 38 39 37 39 27 36 33 37 31 24 21 18 34 35 34 41 38 28 37 20 24 25 31 33 35 24 41 30 39 33 43 31 29 39 29 22 27 32 30 32 34 28 22 29 15 26 22 33 33 35 30 33 29 40
40 37 35 33 33 24 36 42 47 42 35 38 30 21 35 34 35 35 40 19 39 34 29 32 38 28 33 40 27 36 31 31 29 40 24 34 40 32 24 21 17 29 35 27 28 40 28 47 31 27 36 35 33 34 26 44 38 24 37 28 39 40 43 34 30 21 33 32 35 37 36 20 30 47 37 28 45 39 34 37 31 45 38 43 45 24 49 42 39 41 47 31 38 37 33 31 35 41 33 31
38 40 40 33 40 31 48 38 37 47 31 39 26 37 28 39 41 28 36 32 36 34 44 33 31 47 40 45 39 66 31 78 69 189 42 45 28 41 22 38 24 25 29 35 37 28 40 23 39 37 31 33 34 30 31 23 42 36 32 43 30 42 41 34 35 32 35 44 36 32 43 34 33 33 33 41 46 50 16 46 33 40 28 19 33 33 41 34 38 21 38 43 49 35 34 37 35 41 40 37
39 32 37 31 32 43 22 37 39 29 37 31 31 33 29 43 40 29 32 31 51 42 34 37 27 29 29 38 24 35 33 43 33 33 24 30 35 32 45 38 35 35 29 13 37 38 32 42 44 40 35 32 51 32 33 38 42 24 28 39 38 23 38 28 34 42 33 38 33 39 36 31 40 35 44 32 35 24 52 28 39 38 31 41 28 37 34 40 41 26 35 39 38 32 32 33 22 37 27 25
35 51 24 30 39 30 29 32 31 50 40 40 38 38 37 25 25 30 39 30 39 26 18 36 36 34 32 39 45 36 41 42 46 29 32 30 37 40 33 22 24 25 43 34 46 33 51 37 26 31 33 42 38 25 35 38 29 36 30 38 36 27 28 29 38 22 34 33 34 45 24 38 37 33 34 32 41 24 33 38 32 44 42 32 39 36 36 32 34 41 35 40 37 36 40 38 44 33 37 38
36 38 34 33 33 26 35 23 29 28 36 30 38 34 41 28 34 21 34 31 31 33 37 41 30 34 38 37 35 39 35 35 26 28 40 37 103 35 37 37 42 26 30 35 40 43 34 27 24 41 36 39 43 34 33 45 30 25 44 33 25 35 30 32 37 51 29 29 36 32 39 31 33 28 27 32 48 29 45 35 17 42 39 28 26 34 35 32 23 39 37 23 23 32 27 36 25 41 48 28
31 29 40 36 34 31 32 28 42 24 29 27 38 18 37 36 37 14 42 40 26 42 43 45 30 27 30 30 34 33 30 22 39 18 32 36 36 35 36 18 38 37 29 48 33 37 28 36 45 44 47 33 33 37 31 31 32 40 40 29 38 25 35 40 40 31 36 41 26 36 28 28 28 44 43 11 34 22 42 40 41 37 33 36 39 42 34 28 30 24 32 32 23 35 32 22 39 30 32 47
34 25 30 38 21 39 29 39 33 35 29 33 39 21 39 33 33 30 28 46 51 23 29 43 22 28 33 31 29 27 23 33 40 29 21 23 35 32 39 36 32 27 36 36 35 28 28 35 34 38 35 42 43 36 31 50 30 23 34 27 24 34 30 32 44 27 33 28 33 25 25 24 30 33 29 32 36 37 34 42 27 26 27 48 38 24 29 41 39 33 28 32 37 27 49 34 28 36 23 36
27 28 38 38 36 21 35 34 38 26 33 35 36 44 34 32 32 33 37 42 46 39 39 32 28 30 44 40 35 37 27 28 38 50 32 48 24 17 25 22 41 36 47 25 40 28 34 37 42 24 29 44 38 39 43 27 31 29 25 32 30 34 44 22 28 32 21 28 34 24 30 26 44 40 26 29 29 43 31 23 41 33 31 29 38 28 27 32 29 22 40 26 38 31 43 37 34 35 31 30
31 30 38 81 27 27 37 33 31 27 23 38 34 28 24 40 49 30 35 30 40 33 35 36 28 41 26 26 39 19 37 28 33 35 29 34 30 45 28 43 31 31 36 38 39 31 24 40 37 37 29 34 16 22 25 38 36 31 34 30 34 29 32 25 27 14 20 29 29 31 32 33 42 23 36 40 28 38 29 30 34 35 38 39 32 30 42 36 40 27 35 27 29 36 30 25 28 48 33 37
39 39 44 25 28 35 26 30 40 29 33 33 37 39 35 24 38 36 26 32 37 23 48 38 32 34 38 25 42 36 28 39 35 30 34 33 32 14 38 32 30 37 42 30 33 40 47 42 45 50 30 37 38 32 40 43 33 33 28 34 33 41 29 38 30 35 31 32 27 41 35 31 33 46 32 46 36 32 32 35 31 34 41 38 35 42 33 39 31 39 38 40 34 38 25 45 38 50 36 30
28 41 33 38 28 30 34 24 41 44 42 39 23 36 26 41 27 33 30 23 39 52 29 38 30 31 36 25 41 24 33 31 35 38 37 31 29 36 26 33 34 41 37 39 45 41 29 45 46 51 38 32 36 24 23 46 2 41 25 32 51 32 42 27 34 34 38 36 29 39 33 39 26 24 24 39 27 32 31 31 34 45 31 27 29 33 33 45 49 33 31 38 28 43 36 35 37 37 35 32
27 37 36 41 32 27 34 23 35 28 21 45 47 32 49 20 25 23 24 39 29 17 24 26 26 41 40 39 31 33 21 22 41 35 30 35 29 24 36 30 25 39 41 39 28 33 35 31 35 38 34 30 26 37 35 37 37 35 25 40 39 32 31 34 39 40 40 33 16 39 28 38 24 35 41 43 36 43 33 22 25 28 31 29 35 38 23 19 42 39 20 38 36 35 30 20 24 36 35 30
21 41 33 33 47 32 44 47 31 33 35 34 36 34 31 41 32 38 33 37 37 32 43 27 26 49 36 44 38 29 28 31 37 40 30 32 31 21 23 38 39 27 30 37 42 38 35 31 40 24 51 36 31 19 49 28 36 50 33 24 35 28 27 31 34 30 31 34 18 30 37 39 39 34 33 31 37 39 29 28 36 38 40 37 30 28 23 31 86 158 52 27 45 37 36 42 41 39 39 32
29 35 46 33 27 32 34 38 39 26 33 34 36 24 33 38 38 33 32 32 37 35 10 27 35 32 42 42 43 10 45 28 35 25 29 31 35 45 21 40 45 27 40 20 39 23 34 28 35 32 35 29 43 40 33 34 43 32 27 32 32 42 33 36 28 36 33 36 38 30 27 35 27 34 45 39 42 20 32 26 39 36 29 35 33 40 35 37 28 39 42 40 37 36 38 39 32 39 28 42
32 30 27 43 33 32 49 40 34 36 28 32 38 30 28 38 27 33 24 41 26 32 29 29 28 39 35 14 28 32 30 31 39 35 36 26 23 39 36 40 28 35 35 45 34 37 37 34 28 35 27 27 34 30 37 32 27 43 39 35 31 34 30 36 25 46 33 28 26 39 32 22 36 23 31 46 29 37 30 44 32 25 32 33 30 36 31 22 35 29 22 29 40 37 30 28 34 36 40 34
23 35 30 32 33 35 44 10 30 34 45 20 34 35 27 34 33 23 43 25 38 30 35 52 34 33 39 42 36 33 40 26 26 44 27 40 37 28 29 38 31 34 29 38 40 36 32 35 47 26 46 34 44 41 35 40 46 49 24 28 40 34 36 36 33 41 34 28 32 41 39 34 37 15 45 30 35 22 33 28 36 35 25 35 28 44 31 33 38 46 34 39 30 46
