0.5 1802 23 33 31 24 20 29 19 26 26 34 25 11 17 21 25 27 26 23 21 29 29 23 19 28 26 17 22 28 21 22 22 29 28 14 22 25 19 8 20 17 30 26 24 27 29 13 37 24 23 24 20 33 35 24 17 29 26 30 20 25 27 26 18 15 22 23 24 20 25 23 21 24 22 24 28 23 24 15 27 25 18 23 25 20 27 19 23 37 21 25 27 20 32 46 24 35 21 27
22 36 24 16 26 20 22 29 27 19 27 10 29 28 28 31 24 21 29 19 23 22 25 27 18 27 25 33 26 19 21 29 30 31 29 25 25 23 20 24 19 32 18 17 25 20 19 21 30 27 19 15 18 14 22 21 27 25 33 23 26 26 29 21 37 23 26 26 24 26 16 21 41 25 28 25 14 23 16 23 24 32 17 19 27 27 35 23 24 14 28 17 27 21 28 24 19 27 26 26
28 26 22 27 27 29 16 17 29 26 24 30 26 34 17 21 24 27 34 20 26 28 14 18 12 26 28 31 21 26 25 28 30 38 21 25 36 27 22 27 24 35 24 15 25 19 23 22 23 16 32 21 32 14 28 30 34 30 26 25 21 37 18 24 34 27 32 26 34 33 23 22 18 26 23 18 25 25 25 26 27 31 22 16 35 15 24 25 27 18 26 27 30 20 26 22 27 31 33 20
27 24 22 18 22 16 22 24 25 31 22 26 21 25 24 21 17 22 30 30 21 33 20 29 20 31 21 22 21 31 23 28 34 18 25 30 20 28 25 30 29 24 26 23 25 30 20 28 30 28 32 20 26 24 27 26 29 23 33 28 20 33 27 29 24 22 17 15 20 31 23 20 28 25 25 24 24 36 31 20 26 34 26 24 31 36 30 35 32 23 21 26 18 24 25 30 18 20 32 24
31 22 17 18 23 35 40 21 25 25 16 28 25 17 22 18 76 23 30 26 28 22 23 29 19 38 14 23 25 32 21 28 28 17 20 33 18 25 26 18 32 36 23 29 18 22 25 33 30 27 20 25 25 27 38 20 30 31 17 25 26 27 18 19 26 25 25 23 23 20 21 26 28 18 18 27 26 23 22 20 29 20 37 28 20 30 35 15 23 32 24 28 23 25 34 22 24 15 32 29
29 22 23 32 23 19 19 20 27 34 26 21 18 28 29 27 33 27 26 21 29 27 25 31 16 23 33 17 20 33 30 29 26 26 35 20 21 21 27 18 38 31 22 21 25 24 24 29 24 25 30 22 19 19 22 23 21 18 10 26 18 26 17 11 28 27 29 17 24 23 24 25 23 23 28 41 21 22 36 27 20 24 35 18 33 33 26 20 29 24 22 25 31 26 19 23 29 23 24 30
26 25 22 26 29 11 20 14 18 21 24 10 30 23 24 20 23 27 22 23 21 27 27 19 21 22 30 20 14 26 27 23 27 19 28 23 19 18 22 25 24 32 25 24 23 20 23 33 13 25 30 16 26 19 22 24 21 16 24 28 16 26 28 18 24 23 25 25 18 24 29 28 22 27 16 24 29 22 23 28 17 21 23 20 47 56 23 20 24 28 17 25 18 32 28 24 23 22 17 16
20 29 18 29 25 16 23 18 28 22 31 19 12 13 27 27 18 31 21 18 26 36 37 18 17 25 23 16 31 20 22 31 23 29 30 27 34 24 34 26 30 22 23 29 23 34 27 24 25 21 18 22 29 32 28 26 29 16 23 25 26 22 25 17 29 19 25 39 29 26 19 24 34 17 29 21 30 19 24 22 19 28 26 19 28 18 21 36 24 30 22 22 31 25 33 19 23 21 35 26
29 22 28 17 20 31 29 16 19 21 19 21 19 23 30 26 15 24 31 29 26 18 21 30 24 27 24 27 18 35 30 24 20 27 27 27 27 19 27 27 23 23 21 21 29 14 20 40 27 29 28 22 31 26 28 26 32 32 28 21 30 31 22 27 17 22 21 24 18 27 31 37 17 27 37 26 31 32 30 20 21 17 34 27 19 30 29 17 17 23 13 22 32 26 19 29 15 19 19 26
20 21 28 15 23 22 28 26 24 60 32 13 23 30 14 21 20 17 22 29 23 17 19 21 40 12 27 27 22 26 24 32 19 16 12 25 17 21 25 15 23 28 27 27 25 14 23 22 34 19 15 22 25 18 16 26 30 16 33 21 31 35 26 28 18 26 20 19 31 31 21 24 20 21 24 19 29 17 13 20 16 33 33 21 18 19 27 27 31 27 26 39 24 16 24 29 31 28 26 25
25 21 33 21 20 22 31 23 23 27 20 24 23 19 26 33 19 22 33 16 23 36 29 21 26 25 16 29 29 25 29 20 21 18 24 26 21 29 27 29 30 26 26 28 22 30 20 23 28 28 21 21 35 26 28 29 21 24 25 29 24 24 22 19 38 32 25 29 20 38 25 28 30 33 27 25 18 28 29 30 21 25 15 30 18 20 25 31 35 26 30 23 28 18 27 27 20 21 20 24
29 17 32 29 27 22 16 23 28 28 28 20 28 26 26 28 16 29 32 19 24 29 26 27 23 20 32 23 36 30 26 21 25 20 21 35 15 22 22 16 38 23 14 32 24 24 19 14 26 22 25 36 27 21 23 29 33 22 17 25 17 24 32 29 22 21 25 19 37 24 20 28 23 30 41 33 27 32 16 27 30 16 30 27 26 24 21 21 20 14 19 21 28 29 12 29 23 23 32 29
31 17 28 24 21 26 23 27 34 28 27 15 16 29 15 20 13 28 21 25 27 22 19 17 17 18 26 36 25 20 28 28 25 21 22 25 23 31 21 35 29 23 25 20 16 26 22 21 16 13 19 31 27 20 30 20 25 19 10 26 14 33 24 22 16 21 25 28 26 18 24 28 19 23 34 32 21 26 16 27 23 26 32 29 25 24 22 13 21 26 25 30 27 21 29 28 16 18 22 28
21 18 25 17 29 16 24 26 27 23 17 21 24 38 30 21 17 33 22 24 36 20 26 22 22 32 27 15 15 20 15 12 28 25 25 20 27 26 17 32 19 22 24 29 28 16 23 33 12 25 30 31 21 20 28 22 23 22 26 24 10 21 13 21 22 25 26 24 19 22 36 27 21 23 22 20 26 32 25 22 27 24 23 25 22 16 23 20 31 23 19 23 19 24 18 18 22 24 24 28
22 30 15 22 26 26 23 26 26 18 25 33 19 32 33 26 30 29 25 25 19 14 23 22 24 23 21 16 26 30 33 29 22 29 15 21 31 40 27 26 20 15 20 35 26 27 17 28 23 22 16 21 22 23 31 27 23 23 93 18 55 53 47 30 17 29 26 16 24 27 26 33 27 26 24 27 33 30 19 22 23 24 30 34 27 29 32 11 27 29 16 23 19 14 33 31 22 26 25 26
49 23 32 21 30 24 22 28 28 34 15 25 20 26 39 22 24 22 21 22 24 29 25 23 26 31 25 36 23 24 22 25 25 23 24 19 32 28 17 30 27 27 24 21 25 22 21 15 28 28 17 18 28 22 25 25 24 13 32 24 30 30 29 15 27 24 40 17 35 18 21 24 25 24 16 23 18 25 24 26 27 29 17 32 30 17 13 31 31 25 24 22 27 23 23 29 24 32 17 17
29 19 18 23 23 11 30 19 22 17 23 19 26 25 25 27 25 25 15 42 27 24 23 17 18 27 26 21 22 27 23 24 19 35 29 18 30 15 28 30 21 24 23 11 35 15 27 25 33 29 23 22 29 22 25 28 24 15 29 29 25 29 20 21 26 13 19 26 19 38 20 20 23 26 25 25 22 19 21 22 19 24 22 23 20 25 16 30 25 15 19 22 24 34 18 25 32 35 26 24
24 21 21 25 23 22 17 26 29 16 29 29 25 29 24 30 19 22 20 20 26 33 24 21 27 21 23 18 22 23 29 26 15 21 24 33 23 23 33 27 28 23 17 24 21 30 25 28 19 27 27 20 27 28 26 29 29 16 13 20 23 26 29 22 16 23 26 22 26 25 22 26 18 27 29 23 21 27 32 25 32 26 17 34 23 20 27 28 26 28 31 25 26 28 20 29 22 17 24 29
30 22 30 19 27 20 31 20 23 21 21 27 17 19 19 12 16 21 18 38 14 27 25 19 25 25 25 37 30 29 18 25 17 22 27 22 19 19 17 21 24 22 26 24 23 20 19 27 24 24 18 29 23 14 21 23 26 29 18 22 24 30 18 29 16 19 19 26 25 27 19 31 27 23 16 20 20 19 22 24 25 17 26 18 22 31 28 27 39 34 22 21 20 20 24 29 27 21 19 25
25 29 29 20 33 22 18 25 15 24 17 25 20 27 15 27 36 38 23 38 34 29 16 25 25 23 11 20 24 40 34 27 22 19 28 35 27 19 26 15 14 25 24 24 20 27 34 26 30 27 21 17 18 23 30 32 25 27 31 27 29 27 17 31 26 29 37 21 27 25 22 29 27 19 28 24 29 23 25 30 31 31 27 29 33 28 36 22 26 22 28 27 32 24 21 12 21 32 27 26
29 31 27 29 25 23 19 27 31 32 28 29 17 21 23 21 22 21 29 27 33 33 16 20 17 29 19 20 18 35 22 27 32 22 30 24 30 18 30 17 28 23 31 28 31 33 22 30 24 28 29 26 25 31 28 25 36 23 16 25 5 23 29 30 22 22 27 28 25 27 28 18 28 28 23 28 33 24 43 26 31 29 23 26 36 28 20 25 20 31 25 21 32 37 26 29 26 38 21 21
29 29 16 24 39 25 34 20 26 25 31 23 27 33 27 18 29 21 18 26 26 22 29 29 28 29 31 17 16 31 21 29 23 23 29 26 18 33 24 21 26 29 24 22 29 31 29 30 22 21 20 34 20 16 26 15 30 29 35 25 24 22 22 28 27 23 27 28 32 17 32 18 33 24 19 25 31 17 27 16 23 33 25 18 19 40 30 22 32 27 20 26 20 23 31 18 30 28 15 20
26 20 25 24 23 29 31 23 22 19 28 30 19 19 21 28 19 31 26 30 24 21 50 22 28 20 27 21 25 27 18 26 22 24 20 18 35 27 26 22 24 27 20 21 27 25 22 20 30 27 21 36 32 17 25 24 17 24 32 24 38 25 32 33 2 24 21 22 24 23 27 19 44 35 16 25 19 33 26 37 24 23 17 21 32 28 20 24 31 22 27 26 30 12 26 35 22 21 13 24
26 28 18 18 28 19 21 27 34 24 24 25 11 27 27 16 27 25 35 21 45 21 28 28 31 18 32 31 30 25 22 28 32 18 26 22 26 22 21 26 29 25 20 23 19 22 26 35 25 30 25 27 31 27 43 9 27 22 30 39 18 37 29 27 17 22 18 28 22 27 29 37 34 15 26 32 24 27 31 23 19 28 18 27 30 20 23 25 23 29 24 33 18 26 38 33 21 21 23 24
24 22 15 29 32 41 32 25 24 20 31 12 18 25 6 23 31 21 23 19 29 26 18 22 17 22 30 24 22 31 22 20 22 26 32 22 46 22 26 21 23 29 20 20 21 15 30 27 36 25 17 23 21 21 22 23 30 59 28 24 35 25 27 17 26 25 23 28 28 24 23 25 25 22 26 21 29 26 21 28 18 22 26 20 17 16 25 20 29 20 31 24 24 28 27 30 25 15 19 22
32 36 13 22 26 16 21 20 22 28 21 23 25 23 22 19 27 22 21 22 35 28 23 24 28 23 36 18 32 23 23 19 25 25 21 179 18 18 25 34 26 25 23 28 20 22 17 22 34 19 31 35 34 23 22 26 26 21 22 19 23 27 25 20 24 26 18 20 14 15 19 14 19 19 31 17 25 22 30 28 18 24 27 22 27 27 13 28 26 34 24 19 18 18 23 30 24 20 30 26
22 31 32 24 29 26 25 21 18 27 29 23 24 21 23 20 20 27 22 27 22 20 28 26 26 14 32 34 23 25 16 20 35 29 24 27 19 26 19 19 26 25 35 19 27 26 39 26 25 23 24 20 34 24 22 28 24 38 23 19 26 28 32 39 24 22 28 31 25 29 29 20 17 36 28 24 19 34 23 28 29 22 14 25 27 25 16 32 30 34 23 28 27 33 15 25 25 23 20 29
20 27 19 30 31 31 16 22 21 33 31 14 18 19 25 23 22 19 32 18 21 22 19 21 30 19 13 23 25 18 23 20 30 25 24 21 13 23 26 31 23 33 32 28 23 21 28 21 20 16 24 27 30 22 25 27 19 25 29 15 22 26 21 26 24 16 20 19 19 33 17 27 13 22 21 21 28 25 25 26 26 23 20 26 31 28 14 13 27 26 15 28 21 14 19 27 21 24 22 33
25 25 18 17 21 26 23 25 30 29 19 29 23 23 31 26 17 21 22 23 29 32 25 17 19 30 23 20 22 21 19 23 16 32 16 24 20 26 25 20 21 28 25 17 22 23 22 18 23 25 23 17 26 19 21 23 26 27 27 39 30 19 27 22 27 16 29 22 28 25 27 15 20 20 20 23 23 30 33 23 19 21 27 24 27 9 18 20 29 23 24 24 24 35 18 17 26 26 25 19
16 25 22 29 16 33 21 21 30 33 29 26 33 23 25 27 30 18 16 25 20 22 28 27 28 21 29 23 22 22 25 22 18 31 19 16 31 27 14 21 25 28 31 18 20 33 16 21 36 15 28 22 23 20 32 33 19 20 16 23 23 26 14 28 20 26 27 22
