0.29 2286 28 42 29 42 35 39 35 34 29 29 37 21 40 28 34 22 28 36 31 35 22 27 41 25 30 104 30 29 30 35 33 26 27 33 33 41 39 28 37 34 30 31 34 38 25 40 36 33 29 43 22 40 30 25 32 37 35 41 35 30 27 34 36 35 33 35 31 27 24 45 33 29 44 24 37 31 33 38 40 31 25 25 26 32 34 30 27 28 29 31 39 38 31 25 35 21 31 21
33 35 32 22 34 27 28 37 36 28 32 38 28 35 26 30 41 37 40 23 31 30 26 34 42 36 38 39 23 30 27 33 32 27 35 36 29 29 27 29 34 31 34 43 28 36 35 33 38 26 33 27 31 38 37 21 30 34 30 28 66 48 29 29 31 27 28 29 21 27 29 24 32 43 35 30 27 38 32 30 32 30 20 29 30 25 26 27 29 28 52 34 31 35 30 31 37 33 26 25
21 32 16 23 28 36 23 29 29 28 28 28 30 26 39 29 31 34 19 33 34 22 40 34 27 40 45 27 41 38 31 37 27 28 28 33 37 27 40 28 31 18 24 22 30 44 30 30 38 30 30 27 29 27 35 37 33 35 18 29 20 23 30 37 32 38 30 30 30 36 25 23 26 35 32 36 38 22 28 29 30 29 39 17 27 24 44 36 26 20 31 24 34 31 27 34 18 31 22 28
25 25 31 35 28 35 24 30 44 21 28 41 40 32 33 28 27 28 34 22 36 38 45 28 40 43 27 29 46 24 39 35 34 26 44 54 39 27 33 42 33 38 32 36 39 37 28 33 40 34 26 40 37 41 36 38 21 13 35 38 35 33 32 26 37 33 39 23 29 39 35 34 25 28 39 25 39 26 27 28 27 35 33 43 36 24 26 30 35 25 32 35 37 31 38 40 28 43 38 33
26 41 28 37 39 27 29 33 32 31 24 29 24 43 29 34 34 34 23 32 31 31 29 46 41 35 43 36 27 40 33 34 24 28 40 40 34 22 33 37 26 32 31 39 32 23 29 25 34 22 23 29 29 37 35 25 32 25 23 32 34 27 33 26 35 35 38 43 27 33 30 32 29 40 24 28 33 31 29 43 43 42 34 23 44 31 30 23 46 42 30 28 32 31 31 27 26 36 36 22
32 34 38 33 26 21 31 34 26 39 38 44 32 30 35 29 26 28 31 27 26 31 34 39 43 34 27 39 30 36 29 33 35 35 30 33 21 28 27 34 30 32 22 30 35 29 44 27 39 36 28 32 33 38 39 30 30 37 31 33 37 21 34 35 30 45 25 27 35 30 33 19 30 22 28 19 24 45 28 27 34 37 35 39 3 30 25 36 30 31 33 30 33 40 35 31 39 23 27 39
25 39 31 31 28 29 29 37 28 32 37 37 27 45 40 33 26 36 28 33 32 32 33 40 26 32 35 45 41 39 21 34 35 29 23 28 29 42 30 34 33 30 37 24 34 24 25 43 31 27 34 34 32 27 24 36 33 18 31 37 28 19 37 27 34 37 32 30 25 36 32 42 31 31 27 32 43 31 30 29 26 28 42 29 35 30 33 36 34 45 33 36 26 26 40 30 37 33 34 41
35 25 24 27 36 29 27 26 35 34 23 36 25 47 31 35 22 36 27 25 28 53 40 26 36 27 29 23 34 39 31 24 26 28 35 36 34 25 36 38 26 37 30 35 31 36 26 35 34 30 44 28 27 28 31 22 36 38 32 31 27 29 38 24 34 24 28 33 32 31 37 35 26 28 43 40 38 30 33 36 29 23 29 37 34 40 30 26 44 26 22 42 35 34 28 23 31 27 21 41
29 35 31 32 37 28 25 21 34 23 24 35 29 34 39 41 36 30 35 34 24 26 32 32 28 41 32 39 40 28 46 27 31 43 32 31 25 41 35 25 33 22 26 35 31 34 31 38 27 57 48 32 28 45 28 9 29 35 32 41 42 26 35 20 32 32 23 41 19 41 27 32 30 38 27 26 33 25 26 28 26 43 27 40 32 27 35 33 35 28 32 36 28 29 35 29 34 33 32 27
28 31 29 35 23 28 28 24 28 34 31 32 28 12 34 30 31 33 35 20 27 34 24 25 32 34 37 30 31 36 28 33 27 25 35 25 34 36 28 33 28 35 32 47 41 25 28 23 32 33 35 28 25 28 18 25 34 29 41 35 31 31 25 31 24 39 28 29 23 26 32 27 28 31 23 37 33 39 30 28 41 36 23 27 39 32 23 30 34 36 36 27 32 31 28 35 33 24 25 29
32 38 32 23 31 34 27 34 28 29 37 42 26 25 23 40 25 39 44 37 35 39 31 22 32 31 40 41 40 35 33 23 22 43 32 32 25 40 33 31 35 31 27 33 25 34 24 40 35 33 27 31 28 26 30 36 46 32 30 35 24 39 24 35 30 35 31 30 30 30 46 41 34 30 33 30 37 33 38 34 39 28 29 35 35 38 22 32 32 29 35 34 39 34 28 24 31 26 41 19
28 38 34 31 39 39 32 35 34 35 26 37 34 43 25 36 29 31 28 32 29 27 31 40 37 38 37 34 21 29 32 34 39 39 41 31 31 31 27 37 33 39 41 26 27 30 33 48 23 48 66 32 44 28 29 31 37 40 37 33 36 32 30 36 28 31 40 29 26 34 29 36 31 29 22 30 46 39 41 30 22 41 37 25 28 13 22 25 31 26 37 29 39 31 24 43 45 35 35 33
33 34 27 42 21 31 41 33 30 36 27 21 32 48 41 28 40 29 33 32 33 22 29 51 38 40 35 25 32 43 26 40 28 31 24 31 41 29 38 21 37 32 34 24 30 24 22 32 36 26 37 27 30 28 34 37 41 26 33 23 34 30 39 40 33 32 31 22 34 20 30 37 26 31 33 30 39 45 32 28 34 39 37 31 35 24 32 21 35 39 37 41 26 24 35 39 27 26 34 32
36 28 26 23 24 45 29 38 30 23 40 38 28 36 35 23 37 31 36 25 28 25 27 35 32 38 35 42 22 42 29 37 35 28 29 26 39 27 30 30 34 85 29 19 60 55 25 43 55 49 55 32 35 32 41 35 28 32 26 39 28 29 49 36 35 35 25 33 32 36 31 29 37 21 36 48 30 39 37 34 29 28 37 26 34 40 29 36 32 36 23 25 25 33 16 20 33 28 39 19
26 40 32 33 29 37 28 29 31 20 34 34 40 37 24 29 31 32 39 30 31 26 33 33 34 38 31 28 24 29 36 30 26 25 38 49 23 37 35 43 28 31 28 31 28 35 29 32 36 29 29 31 34 26 20 38 53 34 42 29 32 25 24 32 35 27 32 34 32 45 28 35 35 25 36 40 40 33 33 35 28 24 33 36 36 32 23 37 33 35 68 44 60 43 49 28 55 49 55 49
41 38 19 35 32 28 29 31 36 31 38 38 34 30 33 28 30 39 27 22 34 23 43 30 32 33 30 37 30 29 46 23 26 35 37 30 29 36 24 34 31 39 29 24 33 32 38 26 30 27 27 46 36 30 31 14 24 44 26 32 34 20 25 37 27 44 24 32 32 28 26 28 28 29 28 41 28 32 29 33 20 35 34 20 23 33 19 29 33 32 19 43 29 44 28 34 42 31 29 28
33 26 39 37 39 36 31 20 30 35 32 31 28 26 32 32 32 40 28 33 28 30 16 33 27 31 24 28 32 29 24 43 37 32 40 38 39 25 42 25 26 23 25 40 30 25 32 32 30 27 24 25 27 28 26 30 30 30 30 37 31 33 33 35 36 40 27 41 27 32 39 26 32 26 41 36 38 28 29 35 28 37 24 40 34 25 27 31 34 40 33 26 34 23 27 26 35 28 32 24
25 32 29 32 40 32 28 30 19 39 43 35 30 22 38 26 32 34 34 31 33 31 36 38 32 40 38 37 31 40 37 41 28 26 47 32 29 33 34 32 33 30 27 23 31 40 32 44 38 27 23 32 36 42 11 38 37 29 31 31 34 41 32 28 31 36 35 15 38 30 47 28 43 37 32 24 43 40 30 36 43 34 36 34 49 35 24 23 28 23 37 20 42 36 30 37 30 20 34 35
33 43 27 33 26 37 30 33 31 27 30 28 42 42 51 29 38 22 30 20 34 46 34 41 29 26 30 31 40 33 31 28 33 34 38 40 24 35 34 43 42 30 29 24 33 27 40 42 28 26 23 24 33 29 30 35 34 28 32 26 37 23 30 39 35 37 29 29 26 31 28 34 28 36 32 30 45 31 15 25 36 23 33 32 33 33 35 28 27 28 23 35 32 27 26 40 31 31 24 34
30 21 30 27 43 40 29 44 38 42 34 29 35 25 29 30 37 34 31 41 42 28 27 29 35 35 39 24 35 31 29 30 39 32 28 38 39 32 29 26 24 28 27 34 31 29 28 36 26 26 25 40 28 43 36 26 28 16 30 42 31 31 28 30 18 31 29 31 25 30 23 35 31 36 30 16 35 37 34 34 31 29 24 26 31 36 29 31 30 22 34 24 38 35 39 46 31 23 35 32
32 25 33 29 25 26 35 36 35 43 28 34 34 24 24 35 47 40 36 38 37 35 34 34 40 35 34 31 27 22 41 39 33 36 29 22 26 20 31 25 24 35 30 48 41 17 25 31 20 33 22 27 30 33 31 38 29 36 32 29 26 31 31 30 37 35 30 24 31 36 29 38 21 26 25 28 35 35 35 26 34 35 34 31 26 29 35 35 37 33 25 33 34 31 29 38 18 31 31 19
31 35 44 36 33 37 34 30 35 33 27 25 36 30 35 40 30 27 42 31 26 35 29 34 31 29 37 30 38 16 34 40 29 31 34 33 39 32 32 38 34 40 38 45 39 39 32 23 27 34 43 26 38 29 22 39 30 33 35 46 26 44 39 32 35 24 31 26 19 15 34 25 42 57 31 20 31 27 39 44 35 35 30 24 30 30 28 40 19 33 28 36 30 26 32 32 33 18 29 32
28 43 25 33 24 19 31 34 32 29 30 34 28 28 30 39 30 23 23 33 30 29 18 33 30 40 37 36 37 38 36 36 27 38 36 39 39 39 32 26 31 40 41 26 44 45 17 44 34 31 27 38 34 34 39 35 30 38 41 38 34 26 32 22 35 40 33 31 32 33 30 29 32 33 38 29 18 28 39 41 28 30 36 32 20 29 39 30 27 32 35 32 32 27 29 24 25 42 33 37
35 32 37 27 32 24 30 30 31 47 33 35 41 26 36 37 22 22 40 32 31 31 35 24 28 30 36 34 26 20 39 21 26 37 32 30 31 37 27 35 28 32 32 38 29 35 31 31 39 25 43 19 35 31 36 33 25 38 37 24 29 37 40 28 29 38 30 35 37 37 35 44 29 24 38 32 36 32 30 34 28 37 43 32 40 25 36 38 38 38 39 39 35 29 25 24 32 32 35 39
36 27 33 45 25 34 27 33 31 36 41 35 30 76 55 43 20 34 41 41 23 30 33 30 46 33 40 37 49 39 30 28 27 34 37 32 27 33 21 25 34 37 29 45 30 32 33 30 38 31 37 24 38 32 36 37 36 41 47 36 20 46 38 41 24 27 35 47 31 36 38 44 26 30 24 39 34 27 35 34 20 34 28 32 40 40 30 28 23 32 30 28 50 35 33 45 24 28 38 27
36 33 20 35 32 38 26 32 30 29 39 39 27 31 39 42 27 31 35 35 25 29 35 33 32 37 34 23 32 27 29 28 24 33 20 33 35 34 39 32 31 30 34 28 43 31 24 29 30 29 41 25 39 34 26 36 25 32 36 37 4 23 35 33 31 27 33 39 36 29 33 37 38 39 23 29 34 27 20 28 39 40 36 34 34 28 31 44 28 22 24 29 40 25 24 23 28 42 30 25
28 38 32 43 38 32 35 30 31 30 30 29 23 42 32 28 32 33 36 26 28 35 23 30 16 30 30 28 34 30 37 30 33 28 34 33 33 33 28 31 33 31 31 28 42 32 43 33 31 26 34 36 24 33 24 30 23 31 31 41 28 26 38 25 20 37 30 23 28 37 30 31 32 9 27 37 32 40 27 20 34 34 27 34 33 27 36 42 30 41 30 37 35 37 33 32 25 40 35 32
38 43 29 36 39 26 36 31 34 25 39 31 26 35 38 35 20 34 33 27 36 25 20 20 25 34 37 33 19 40 34 28 23 44 32 31 29 42 34 27 21 34 37 31 29 41 25 36 33 32 33 32 33 27 33 36 31 41 38 27 39 29 18 34 28 31 34 35 33 24 31 22 27 31 26 24 33 31 14 29 22 33 39 28 37 32 22 32 32 39 20 27 20 24 16 32 31 40 24 26
26 29 29 24 29 27 28 28 32 23 35 22 24 26 41 37 38 31 35 38 38 27 28 27 33 35 39 28 32 32 37 33 34 20 26 25 28 40 49 28 34 32 38 31 26 43 35 34 46 33 22 27 25 31 27 39 41 34 37 34 35 35 25 28 41 34 39 43 38 41 22 35 30 28 25 32 25 36 23 32 38 29 21 27 21 21 43 32 31 34 40 42 32 28 34 25 28 32 35 28
28 27 34 40 26 28 27 47 35 32 30 38 25 36 24 28 24 34 23 29 38 38 40 41 40 38 47 35 38 42 35 39 32 26 38 20 40 28 33 33 32 34 34 34 21 46 26 40 31 33 31 41 39 23 32 27 26 30 25 27 32 27 33 29 22 23 36 28 32 28 41 38 24 21 31 37 30 40 24 28 26 24 35 44 38 26 24 35 32 28 32 37 27 27 28 27 49 28 29 34
34 30 25 35 33 36 35 25 32 49 24 43 37 32 40 33 35 35 30 36 28 38 39 30 38 39 36 30 37 28 42 27 44 36 29 23 41 29 36 34 38 23 35 20 34 19 38 29 38 41 37 35 27 30 40 38 27 35 46 33 34 27 32 40 30 13 31 32 34 42 33 28 21 40 30 34 28 37 35 38 36 24 27 30 35 33 32 27 35 28 34 36 37 24 28 26 37 24 28 34
30 33 34 36 24 48 34 36 34 39 24 34 29 24 34 34 31 31 35 34 30 19 33 30 30 25 35 27 33 29 25 27 19 30 31 27 19 36 35 22 30 36 29 25 36 21 38 18 28 37 35 19 27 38 40 36 23 37 26 29 19 32 32 38 31 31 32 29 32 35 20 35 35 24 38 31 47 30 30 31 30 27 37 39 17 36 21 30 33 42 44 40 43 41 22 41 30 29 21 37
27 33 39 35 38 25 39 28 30 31 29 31 22 29 29 26 26 33 27 23 35 47 28 29 32 23 27 40 37 19 26 38 40 31 29 32 33 28 37 45 28 27 31 28 32 18 44 41 34 30 35 22 39 24 31 38 29 33 32 29 41 34 39 30 24 40 27 39 35 23 36 30 30 32 33 36 26 35 35 33 30 36 37 27 28 36 29 23 35 34 27 27 36 31 35 31 35 37 37 33
21 36 24 37 35 32 28 31 33 31 26 25 31 29 27 31 30 49 31 29 34 21 33 22 33 29 31 42 29 40 27 26 33 31 27 24 32 31 26 30 39 33 29 41 43 34 43 32 30 23 24 39 22 22 41 28 21 28 36 34 30 41 22 31 33 26 39 40 36 26 25 32 29 24 28 32 30 31 23 28 32 18 31 39 24 43 34 31 26 29 26 31 33 36 28 35 27 41 43 39
36 29 34 33 29 43 28 30 28 37 36 24 32 23 27 29 24 22 34 34 30 38 28 35 28 31 33 37 33 34 39 30 32 25 34 27 23 32 27 45 22 42 17 29 27 25 35 29 19 24 29 41 34 31 40 37 29 31 33 18 35 33 29 25 30 22 30 34 35 30 30 31 29 40 38 42 30 36 35 27 44 17 28 29 28 31 36 45 28 35 31 30 25 32 35 35 26 32 38 30
28 27 28 32 25 23 30 33 25 34 33 31 27 23 29 32 30 30 32 36 34 36 49 41 43 25 24 29 25 30 38 44 29 40 30 25 40 24 32 21 34 32 28 34 25 39 35 22 28 36 36 21 36 32 19 28 40 32 34 35 36 42 38 40 18 26 42 37 30 42 39 37 19 31 35 26 37 40 21 42 41 29 35 24 29 39 25 35 38 35 32 25 30 33 22 33 38 35 28 29
34 27 33 36 40 37 29 29 34 38 33 30 35 29 35 26 29 25 28 42 33 35 27 32 28 41 29 25 30 33 32 27 37 25 27 38 42 36 28 34 36 37 34 25 36 29 26 33 37 32 30 49 29 33 40 43 36 35 38 31 36 38 36 29 39 28 31 47 23 22 36 36 35 34 34 45 34 40 38 33 35 41 38 20 28 39 34 27 32 31 33 35 43 33 25 34 28 28 28 30
25 23 33 31 25 27 36 30 22 30 33 28 29 32 32 22 30 33 30 28 27 38 26 17 23 30 22 39 20 40 43 25 31 37 27 38 36 24 21 28 42 26 29 34 28 29 26 26 37 36 33 28 37 31 29 27 25 24 38 27 31 27 28 25 28 36 27 31 40 26 25 31 26 30 31 36 32 25 38 23 40 41 23 44 19 35 29 28 17 37 27 29 27 36 35 45 35 37 25 39
29 34 23 38 46 22 34 32 34 32 3 40 27 36 32 31 39 35 36 32 29 35 34 32 45 32 36 22 36 32 34 28 37 32 28 25 23 25 37 25 36 36 34 29 28 38 33 34 39 33 24 29 31 26 26 41 31 27 25 22 14 36 21 23 28 34 37 26 39 40 32 31 39 31 34 29 42 36 19 31 35 36 25 20 36 27 26 46 26 33 19 28 32 41 27 36 34 37 37 34
28 27 25 32 24 33 34 32 39 40 44 37 29 26 29 30 29 39 44 34 29 38 28 32 26 35 39 28 31 33 27 25 30 35 37 25 25 29 25 44 27 29 35 29 50 29 35 23 29 45 49 39 31 37 26 38 37 13 33 35 27 23 30 18 32 21 34 36 41 33 41 36 30 36 29 28 35 31 39 33 32 33 12 33 27 35 33 35 28 27 39 37 29 39 22 33 28 16 39 29
24 30 39 23 25 35 37 33 34 38 23 33 38 34 22 40 23 35 17 35 25 43 33 41 37 33 39 32 29 26 30 35 35 35 33 26 26 36 24 32 34 40 32 42 40 35 33 31 38 29 32 25 30 40 25 41 31 29 27 28 23 30 22 25 42 38 33 35 37 38 30 20 40 41 28 36 27 24 36 18 38 37 28 23 37 34 46 27 28 28 29 29 20 31 29 36 29 39 27 28
40 35 40 35 33 33 30 28 35 32 27 27 28 27 22 25 25 28 24 41 28 36 29 34 30 44 32 32 23 26 25 35 29 33 21 39 27 34 45 35 25 25 40 39 29 25 25 33 31 33 20 28 33 22 22 39 67 48 32 23 30 30 31 38 34 26 34 35 28 31 26 28 31 33 35 37 31 23 30 31 45 39 31 26 27 30 30 29 37 35 28 39 35 40 22 28 30 27 22 39
23 40 19 30 26 32 35 31 36 31 24 37 42 37 37 27 32 50 32 32 29 35 31 26 35 34 32 35 26 35 24 15 20 30 20 24 27 25 37 37 39 41 37 36 30 28 34 33 25 41 26 24 37 30 34 40 37 26 31 29 16 27 41 37 39 31 25 30 42 36 24 28 33 38 31 30 22 26 42 30 32 34 39 38 37 40 24 41 45 29 31 42 34 29 36 29 27 41 27 28
30 31 34 43 33 36 20 28 33 17 30 27 34 25 40 35 26 35 33 34 19 44 26 21 27 30 33 31 39 31 36 38 24 38 33 17 35 31 26 34 17 26 38 29 38 29 29 27 30 24 32 28 14 38 37 25 35 24 26 29 37 44 31 25 33 34 38 18 35 37 26 27 36 35 32 20 34 40 28 24 37 43 33 32 32 38 38 20 23 31 37 22 33 27 37 25 27 38 28 18
28 21 33 32 48 34 32 36 34 38 44 33 29 32 31 34 37 29 38 29 24 27 28 34 21 33 47 28 29 29 34 27 38 28 32 39 35 26 31 41 24 41 36 35 25 32 33 41 40 22 26 42 35 42 29 40 20 39 29 35 23 44 35 30 40 33 40 30 28 48 36 23 20 40 38 31 21 43 38 31 33 36 34 31 36 29 26 39 39 32 35 38 31 36 39 32 24 25 32 36
37 37 27 39 37 28 41 37 32 40 33 30 38 32 24 44 29 48 19 38 87 26 41 37 27 27 32 34 35 34 36 25 43 25 28 40 30 29 37 41 39 29 38 32 26 35 40 32 34 42 12 39 29 36 25 28 40 42 39 31 31 37 34 36 35 39 20 26 30 27 41 49 33 36 26 26 31 47 27 38 32 40 37 30 33 29 35 37 41 169 48 30 28 23 27 28 28 40 33 30
35 33 34 27 19 42 35 44 33 37 30 28 25 35 24 39 38 30 26 32 29 29 34 36 37 44 33 37 33 30 39 31 30 16 30 34 33 26 31 28 28 29 24 26 29 28 30 29 36 25 47 32 29 37 33 35 30 35 27 38 31 20 33 28 27 22 34 29 29 27 43 22 38 42 31 34 40 26 31 36 31 34 21 34 32 28 39 22 25 45 24 33 24 29 23 23 30 34 34 39
34 32 25 33 39 19 33 30 35 37 31 30 33 24 36 38 42 36 27 35 35 33 28 29 42 31 28 33 32 26 35 40 34 31 38 33 35 26 25 46 28 23 33 35 34 23 34 24 31 25 24 43 15 33 33 30 36 23 39 36 35 30 38 28 29 24 31 33 37 35 39 37 28 42 28 34 27 38 34 37 31 35 32 38 36 22 34 31 31 29 20 38 41 31 40 39 33 35 35 34
33 30 17 42 36 22 30 40 23 38 38 24 26 23 39 30 24 27 33 25 23 35 31 28 20 38 28 42 35 35 37 23 25 31 24 33 34 30 35 33 39 31 38 32 29 28 32 28 30 33 33 40 34 26 30 40 31 37 35 26 38 35 31 35 29 24 31 30 31 31 38 23 31 20 26 37 33 31 35 37 32 32 35 27 18 43 21 28 34 27 34 29 29 36 23 45 41 30 25 33
33 34 25 38 23 28 28 31 33 37 22 19 30 30 41 44 35 31 27 49 29 34 25 35 43 22 25 33 37 26 18 29 44 30 22 41 34 30 42 36 30 39 36 28 30 32 36 37 34 34 28 38 40 31 29 35 38 32 27 44 30 27 30 37 29 35 19 37 30 33 40 26 37 35 46 31 28 27 29 33 38 32 39 36 37 31 38 24 31 32 27 38 39 24 34 37 37 31 24 39
28 29 35 29 27 29 30 31 39 39 23 26 36 33 18 38 25 34 33 22 37 30 36 32 25 24 35 28 26 38 40 22 25 39 37 29 31 35 26 35 27 33 38 24 14
