0.45 2385 24 20 16 24 20 20 22 23 21 30 28 22 21 22 34 24 24 30 23 22 22 20 19 24 21 24 25 21 14 25 18 28 30 22 21 26 18 16 23 23 22 20 26 11 31 14 22 19 14 25 15 9 17 19 24 14 22 27 32 21 23 14 23 13 27 21 22 31 20 16 20 21 20 35 23 32 22 16 29 29 27 23 18 26 21 15 20 22 16 25 21 25 25 29 17 20 19 33
40 22 25 17 51 22 14 21 31 24 27 15 21 23 25 19 20 29 18 25 28 18 26 19 18 28 19 26 15 24 23 18 23 22 19 16 21 20 24 20 24 22 18 20 22 24 21 25 19 15 21 27 29 19 23 18 20 17 28 17 18 17 18 18 21 9 13 19 18 31 14 16 16 29 24 21 17 24 22 22 26 17 25 18 22 23 15 20 22 25 25 21 20 18 27 13 19 23 19 19
26 21 21 19 22 24 23 18 20 28 18 28 27 25 22 27 28 24 18 20 21 25 18 18 28 19 13 22 24 20 23 16 23 19 17 21 20 24 18 18 23 22 28 19 17 22 19 28 27 28 18 24 25 16 18 20 24 23 21 26 23 26 17 17 20 23 26 20 27 23 15 30 19 16 23 17 25 18 24 25 27 16 15 20 33 6 23 17 15 18 26 22 19 13 22 21 21 28 27 22
13 20 20 28 20 20 35 23 14 28 20 25 25 22 21 21 27 25 19 24 21 24 22 29 13 32 33 31 18 17 22 28 19 21 19 12 14 22 17 21 12 23 19 19 19 22 17 23 15 30 16 20 28 17 21 24 15 16 24 18 20 14 14 16 33 20 9 9 16 22 26 16 25 23 27 19 16 24 20 25 21 19 21 24 16 22 19 21 20 21 22 15 20 15 21 23 16 15 16 21
20 24 26 16 19 21 27 9 21 23 26 15 32 23 18 19 21 21 22 18 11 24 17 32 21 12 20 23 25 17 25 14 22 18 19 23 16 25 13 23 22 24 26 26 18 30 15 25 26 22 18 17 19 19 25 26 15 20 22 15 25 16 27 18 23 21 31 21 15 16 12 23 11 23 20 20 18 16 22 15 21 19 18 15 18 19 13 18 30 20 24 18 22 17 18 26 24 25 15 15
23 27 20 14 17 16 17 17 24 8 18 23 18 13 11 16 11 16 17 21 22 19 23 21 18 18 17 24 21 29 19 32 11 22 27 17 22 18 15 21 10 25 14 19 17 17 19 21 23 23 22 19 17 36 12 22 22 20 18 26 17 21 20 19 23 17 25 15 19 18 10 16 23 22 21 20 27 27 15 22 20 21 30 26 22 21 19 17 26 28 23 31 18 26 19 23 25 24 21 20
33 22 16 19 21 27 19 21 29 17 24 16 25 24 20 14 16 31 7 18 13 16 21 27 9 15 25 23 18 19 23 29 27 23 30 17 24 18 22 18 20 16 13 18 23 15 22 20 23 12 36 21 15 23 14 20 24 25 17 20 19 17 14 24 15 21 26 20 16 27 24 22 12 18 25 19 20 27 22 24 23 18 18 27 22 19 31 16 20 23 24 16 26 14 27 28 20 24 22 16
17 22 16 24 24 18 24 10 22 22 24 53 32 25 22 20 29 16 21 18 17 21 30 30 24 20 30 31 20 21 24 12 23 25 24 31 24 25 26 25 23 18 26 31 18 16 20 20 21 16 32 32 21 21 22 21 28 19 26 23 25 24 31 12 19 15 16 31 20 19 23 17 21 17 16 23 25 29 25 25 17 23 16 12 20 28 15 23 34 18 17 28 24 23 24 25 22 28 69 21
35 31 29 21 28 21 20 13 19 33 31 13 25 13 22 26 26 32 24 14 22 19 19 17 30 12 23 21 19 18 31 35 20 24 29 13 28 17 18 22 20 26 19 20 25 23 22 14 16 20 25 20 17 16 17 21 19 20 25 19 19 17 20 27 17 21 28 19 23 16 18 16 26 25 14 30 22 26 18 16 27 19 6 13 16 21 16 26 25 17 21 24 32 26 16 17 26 22 24 17
25 20 22 19 23 19 28 12 26 18 20 22 16 11 20 14 25 14 24 22 23 20 12 13 23 27 17 21 23 28 35 27 17 22 15 16 18 17 14 22 24 22 26 15 23 22 26 19 21 14 20 15 25 16 32 15 24 23 17 30 17 17 19 12 24 18 25 26 19 24 29 25 27 20 23 16 20 21 20 20 16 24 14 23 20 28 17 28 33 21 21 27 27 18 27 25 24 23 17 19
15 14 17 17 27 19 20 21 22 23 26 14 19 20 9 25 30 27 25 21 22 22 21 25 18 20 25 14 21 22 31 22 19 19 29 17 29 15 23 22 22 18 23 21 17 19 24 20 14 22 20 28 21 26 20 31 19 12 23 27 18 22 25 19 28 15 18 15 21 28 22 25 23 19 26 26 11 21 22 23 23 18 19 22 27 25 33 30 31 21 27 31 38 20 15 15 27 28 24 20
17 14 18 20 15 16 17 14 20 20 24 25 17 24 17 14 13 15 22 25 22 23 24 22 25 21 21 17 19 26 14 28 16 22 24 17 21 21 20 14 23 21 19 21 16 24 24 20 31 20 20 21 29 21 18 22 21 17 19 17 23 17 21 19 18 17 27 19 27 24 18 19 26 34 14 25 23 23 17 17 21 26 12 13 20 16 22 23 17 16 18 23 18 17 19 19 24 26 26 24
17 26 25 18 22 20 23 22 16 19 18 17 20 22 25 23 16 29 15 20 20 17 24 14 19 15 13 18 26 20 22 22 19 11 20 18 36 22 33 12 31 31 22 30 29 17 15 17 17 25 25 22 18 21 17 26 27 24 28 18 24 19 19 17 21 26 17 24 18 19 17 28 11 26 21 23 18 19 25 22 23 19 17 15 20 15 10 26 14 31 23 16 26 22 26 18 21 22 29 30
27 19 22 20 25 23 25 19 27 22 16 13 23 23 31 21 7 24 21 20 15 21 18 28 29 12 20 27 25 16 21 21 22 16 16 17 16 20 23 18 16 8 22 15 25 23 12 13 22 27 24 20 16 16 31 24 23 23 19 30 21 27 16 25 19 22 11 23 16 19 20 25 16 28 14 18 27 21 21 18 29 20 20 29 18 26 23 13 9 20 16 17 24 26 21 29 25 25 26 22
12 15 19 19 17 21 23 31 21 21 21 24 29 27 22 26 17 23 33 33 21 28 30 25 21 17 20 55 55 48 51 59 64 17 28 17 26 24 17 28 15 19 24 8 21 18 16 10 18 19 24 19 18 27 21 20 9 26 19 20 29 17 29 28 16 27 25 21 23 23 34 14 27 11 63 14 26 25 32 27 28 21 21 20 18 15 22 15 25 22 17 19 21 26 22 28 21 26 17 20
20 20 17 19 19 20 18 18 31 30 18 16 22 21 24 22 25 27 22 14 30 26 25 17 19 34 23 25 19 21 25 22 32 26 21 26 22 20 19 23 24 23 13 22 23 22 19 21 17 19 20 18 18 20 22 34 28 14 16 29 18 20 27 24 16 25 15 17 21 15 22 31 34 24 21 18 22 26 17 19 30 15 12 17 14 21 15 20 10 21 28 32 20 24 30 18 25 23 17 24
21 20 26 26 22 21 21 21 23 32 26 29 17 25 20 21 13 19 32 15 21 23 28 20 28 27 22 17 17 22 20 16 25 25 22 26 21 21 24 23 27 16 22 24 23 33 23 14 17 19 27 17 29 30 16 20 16 21 21 18 23 17 31 24 21 22 13 19 16 15 19 20 26 17 16 15 22 23 26 13 23 16 17 24 18 23 15 26 15 23 32 22 23 27 24 31 24 28 23 9
19 24 25 13 18 22 11 30 32 27 22 26 15 16 23 11 28 17 18 19 19 26 19 14 15 24 39 26 20 17 20 21 26 15 16 23 27 44 18 19 22 15 21 22 15 20 31 16 21 17 13 20 20 19 27 18 17 21 24 15 28 20 19 12 19 18 18 21 28 26 25 20 22 22 28 22 24 21 31 15 21 26 21 17 30 11 14 17 16 31 11 22 27 21 22 31 22 21 28 25
21 21 24 33 24 13 18 18 24 28 24 23 11 24 25 17 21 19 20 22 29 17 18 18 18 21 19 25 21 25 15 22 18 26 26 24 18 27 26 24 19 23 20 16 24 25 21 19 21 22 21 22 25 24 23 31 16 31 25 24 19 21 25 21 21 26 30 40 23 14 20 22 18 19 23 22 17 19 29 23 19 16 27 22 22 20 31 25 21 26 26 17 28 27 26 19 27 20 19 22
25 18 21 25 24 18 31 26 32 18 23 21 24 17 20 34 21 25 22 28 28 35 23 31 23 27 20 18 29 15 15 23 19 17 21 24 25 14 23 26 26 22 26 24 20 26 17 20 22 16 14 27 19 27 15 20 31 20 21 22 21 25 23 19 19 20 12 29 24 20 23 17 16 16 16 16 17 19 21 21 20 20 20 18 25 18 29 27 17 22 22 20 19 26 26 17 15 30 19 24
23 21 27 25 18 25 23 14 25 26 23 29 22 28 23 19 20 14 33 23 21 18 16 25 20 22 10 22 20 24 16 19 16 19 16 27 26 21 20 18 14 26 7 20 26 15 22 26 17 19 24 26 19 16 24 31 10 23 20 18 15 23 14 18 25 24 19 22 16 25 15 31 24 24 22 29 28 21 17 28 21 23 15 16 17 10 15 29 24 19 17 19 19 23 19 22 12 21 22 14
20 24 23 16 18 21 28 20 18 17 18 24 24 26 30 18 18 15 10 17 24 13 16 24 14 16 33 15 19 23 18 19 17 12 14 12 16 14 13 16 20 17 20 29 25 20 22 21 17 29 20 20 21 14 20 16 25 18 20 28 21 19 18 23 31 14 22 16 18 19 21 18 17 20 18 32 21 21 20 22 18 18 23 15 23 21 19 23 21 22 11 25 14 21 20 14 21 13 22 15
13 22 16 29 10 13 31 23 24 16 17 14 24 17 19 24 19 28 12 20 27 15 27 18 17 25 21 23 20 19 21 32 16 16 24 21 20 20 17 25 19 27 16 22 26 17 20 15 22 10 18 19 15 22 20 20 20 16 25 31 18 25 19 30 14 23 23 26 20 20 18 31 24 30 22 13 21 16 20 17 18 22 17 19 17 24 23 23 20 21 23 19 27 19 21 20 15 22 25 15
21 16 21 25 31 28 15 12 10 24 21 17 16 25 23 28 18 17 25 25 25 23 25 21 25 22 13 13 21 30 26 18 27 24 19 17 12 20 23 25 37 21 20 29 22 27 21 17 20 24 26 20 20 20 24 21 18 23 23 26 19 14 22 19 17 22 18 22 28 13 27 18 22 14 29 15 21 24 32 17 20 18 28 21 17 19 24 20 20 23 20 26 15 23 13 19 24 21 19 14
22 17 18 29 16 17 24 22 34 21 18 20 19 21 21 27 16 16 24 18 30 20 21 18 25 19 19 60 20 16 17 20 26 20 13 20 25 27 20 18 24 24 24 26 32 27 25 25 21 25 23 18 24 19 20 19 22 25 27 28 23 20 20 13 12 18 30 16 19 16 31 8 11 15 30 19 16 22 27 22 17 19 23 27 18 28 13 25 19 31 16 26 25 23 15 25 14 17 23 12
12 20 28 23 20 10 21 27 23 29 30 23 18 29 21 24 16 17 18 24 23 17 24 19 21 29 22 21 20 25 23 15 17 18 19 24 23 22 23 25 20 27 17 26 19 19 14 23 17 14 25 25 24 23 25 22 22 22 19 25 13 22 21 22 24 21 19 18 22 18 26 11 14 28 15 8 26 16 16 17 16 27 23 22 27 25 21 24 30 19 32 24 25 13 25 23 19 19 26 24
22 19 19 22 27 13 23 26 22 17 20 22 25 15 24 8 20 14 23 16 19 27 33 19 16 26 16 21 25 11 23 30 26 29 23 27 30 24 23 31 23 17 25 14 24 24 24 25 25 16 12 32 22 26 28 14 17 23 30 9 31 24 29 23 24 30 18 30 17 17 19 17 21 20 22 26 19 26 21 22 26 13 22 25 28 17 18 27 24 22 24 19 21 25 24 14 22 35 24 22
16 21 17 25 19 22 17 21 22 17 19 29 20 21 23 20 24 20 22 11 25 22 15 22 17 16 17 22 22 19 22 15 22 13 23 18 15 27 18 34 16 12 13 16 17 31 23 19 25 17 33 12 25 25 18 18 24 20 12 11 20 17 21 13 22 25 21 30 20 17 22 17 17 9 21 17 16 19 26 22 16 14 5 28 25 19 18 24 18 18 21 13 16 17 24 19 27 24 15 15
22 18 19 19 21 17 13 20 13 11 24 16 19 19 28 22 23 20 14 14 26 23 21 23 21 22 22 15 26 17 31 21 19 16 25 18 23 16 20 19 15 21 24 16 15 18 31 24 25 15 20 15 24 14 18 23 22 21 18 19 13 11 17 17 21 16 26 16 10 6 17 21 26 18 15 19 13 26 22 16 21 21 17 19 13 17 19 15 21 17 16 29 19 9 22 19 23 18 21 20
15 24 14 30 26 20 32 21 16 28 13 17 18 28 18 20 24 11 19 12 23 13 24 14 20 20 17 12 18 17 20 19 30 17 21 21 25 23 20 19 24 28 15 16 23 13 25
