0.46 2324 43 22 29 48 33 32 34 36 38 30 38 40 38 35 36 22 23 23 38 45 27 31 37 38 32 35 33 34 36 54 28 34 33 33 41 25 22 30 30 29 33 35 30 33 27 30 23 38 31 23 34 33 24 38 46 41 28 38 35 26 26 37 47 35 27 38 38 22 14 30 26 32 25 35 45 30 38 25 25 33 46 36 36 25 28 41 23 41 36 22 35 31 37 29 26 35 32 38
39 40 43 27 29 31 35 27 40 30 38 50 19 38 41 34 33 80 57 25 39 30 34 38 29 31 22 42 39 36 27 28 50 34 39 38 35 45 27 28 42 40 38 31 20 42 37 28 33 29 31 34 20 34 27 44 39 44 34 22 31 37 31 36 26 35 34 44 27 35 25 33 35 39 40 33 39 23 38 35 29 44 46 47 40 39 27 21 34 42 19 32 27 35 31 29 31 38 36 35
39 37 41 30 39 44 32 30 33 35 31 37 39 42 33 40 46 38 42 49 32 30 31 30 42 25 46 20 30 44 34 38 25 48 35 33 47 36 24 35 38 35 33 30 42 30 42 41 28 29 28 35 33 32 43 38 30 33 31 24 33 22 31 41 32 29 38 40 55 17 41 33 36 32 26 40 24 36 27 32 28 34 36 29 25 33 40 29 24 43 24 55 30 36 36 32 42 34 39 38
35 48 44 45 39 28 44 32 35 27 45 29 34 34 28 35 34 32 33 31 40 38 28 40 34 33 29 40 30 43 36 31 36 29 39 34 32 46 29 25 39 33 22 37 40 28 29 28 38 28 43 30 21 24 34 33 31 41 32 28 26 39 37 35 29 33 29 39 26 38 32 32 31 21 35 39 36 30 19 43 24 37 38 30 38 20 31 43 25 37 24 31 44 26 24 48 31 28 41 42
33 34 38 35 43 39 39 45 45 34 31 35 37 42 32 32 32 33 35 38 38 24 32 43 35 40 35 33 32 46 50 28 36 37 28 29 43 35 30 27 34 40 23 32 27 40 32 42 32 31 31 46 29 43 36 33 31 19 32 27 18 32 32 39 26 31 19 35 39 43 26 43 30 35 31 40 38 51 44 23 34 45 38 48 39 33 38 39 29 39 34 34 25 29 33 37 25 43 47 29
27 29 28 37 47 19 40 32 37 36 27 31 31 39 31 21 31 41 37 35 37 37 29 33 39 44 43 45 37 39 44 60 32 31 38 27 35 33 37 44 27 30 38 39 40 26 39 29 30 29 34 30 36 24 40 41 29 40 36 39 32 27 40 36 23 45 40 33 36 34 40 36 35 39 39 38 40 25 26 30 54 2 40 50 29 32 36 34 45 34 36 26 29 25 38 17 33 33 28 19
35 38 21 32 34 43 39 34 41 45 28 35 36 39 41 40 41 22 33 35 29 29 34 39 30 43 27 32 42 37 40 33 26 31 29 36 35 34 28 39 29 32 36 43 41 36 35 24 34 37 28 30 30 26 42 32 22 27 41 41 32 29 33 32 31 24 45 36 30 28 39 37 25 25 35 20 39 27 30 26 34 41 28 30 54 28 36 36 36 26 32 37 39 26 50 19 29 30 37 42
46 39 45 30 32 30 31 21 49 34 32 39 37 40 40 30 28 26 45 37 25 30 54 33 47 21 31 27 40 32 43 32 36 30 34 33 32 28 22 52 33 41 20 36 28 28 38 25 30 20 25 40 37 27 27 35 39 42 30 43 27 39 31 49 33 32 22 38 32 34 38 38 33 32 29 40 25 29 37 33 46 26 19 47 37 30 23 50 38 36 28 44 25 41 36 29 29 29 37 42
32 42 45 24 28 35 31 31 31 37 33 36 34 29 31 43 27 30 31 34 34 34 18 29 41 22 31 24 47 40 41 41 31 33 32 30 43 27 33 42 35 23 39 59 39 30 34 39 37 32 27 29 28 37 29 51 35 42 44 36 34 29 37 25 36 28 52 35 32 34 27 36 33 18 20 41 22 38 34 22 37 24 31 37 34 25 32 29 40 23 29 44 39 40 33 35 15 40 34 34
26 33 29 25 31 27 31 29 23 34 25 34 36 35 56 45 45 41 50 29 43 46 34 41 39 31 31 26 28 43 36 29 42 40 36 36 29 34 29 55 60 47 41 35 26 33 34 37 37 35 27 24 30 36 40 33 29 39 35 42 41 36 29 35 35 49 34 26 22 37 50 51 33 33 33 29 46 37 36 29 42 33 27 28 37 32 39 36 26 52 37 28 31 29 31 35 28 22 38 44
31 50 41 34 34 32 35 43 34 38 37 37 38 36 43 34 32 35 36 43 28 23 33 37 44 28 35 30 27 40 15 46 41 41 41 32 28 39 46 42 25 52 28 24 43 29 38 27 41 35 27 37 29 25 37 25 27 27 23 29 44 46 37 24 33 40 33 48 36 3 35 35 40 30 36 24 34 32 43 30 39 42 31 42 39 31 35 20 38 39 34 33 36 40 37 51 45 26 32 38
34 48 46 37 28 34 40 32 44 28 27 36 42 41 44 37 32 40 39 19 44 42 26 45 42 31 44 37 48 34 44 29 24 36 33 40 35 43 23 40 27 31 37 23 29 22 27 41 37 31 36 34 21 35 43 21 36 34 46 27 9 22 38 43 31 49 46 46 25 35 20 35 49 30 33 32 31 30 31 36 25 41 32 30 33 32 26 32 42 23 31 36 21 32 40 30 20 31 29 32
28 24 16 35 25 30 31 25 25 41 26 30 26 29 27 37 28 34 39 40 30 31 42 33 47 34 30 50 27 30 35 34 25 37 35 32 44 39 24 40 29 32 31 32 42 31 37 27 27 25 30 42 40 18 31 34 34 47 41 38 34 35 34 39 29 25 22 35 31 25 31 34 40 34 32 33 33 43 41 37 39 35 47 31 29 28 38 37 29 31 40 35 27 39 32 34 38 37 30 40
35 44 34 26 32 36 32 31 26 37 36 13 29 21 40 30 23 34 30 29 26 30 28 24 47 41 33 41 28 41 44 41 19 29 21 27 43 41 40 23 38 38 35 31 31 25 46 34 25 44 33 35 36 33 28 26 35 35 45 39 26 33 29 31 31 35 33 37 36 24 31 32 27 34 42 32 31 32 36 19 33 27 26 30 33 35 27 28 38 33 37 24 29 34 35 38 37 48 32 24
27 25 26 37 34 40 36 35 40 46 42 38 30 43 33 37 38 31 50 27 28 44 27 43 29 50 29 30 38 24 34 32 32 34 35 25 33 27 33 35 44 40 29 32 32 37 36 23 40 39 28 42 36 87 77 26 35 17 34 50 23 49 38 29 27 41 48 38 29 44 49 32 35 29 34 39 39 30 45 31 32 30 42 29 43 32 41 44 38 38 34 28 37 37 23 36 36 30 41 55
35 37 38 41 34 38 32 46 39 35 47 37 49 47 37 40 42 46 43 27 37 21 47 31 35 30 35 34 24 26 30 37 36 33 24 30 47 34 37 40 29 33 31 31 23 44 37 37 34 34 34 33 38 47 33 27 36 33 35 36 37 34 44 37 30 31 34 38 41 38 34 30 18 33 29 34 22 38 34 43 46 29 40 43 36 37 31 31 49 23 22 28 46 29 31 39 31 32 34 49
32 45 34 30 40 34 30 26 38 29 28 39 26 23 27 24 36 31 39 19 27 30 31 41 30 11 38 25 35 37 31 41 40 35 41 34 35 30 34 34 34 30 47 45 25 32 44 32 37 23 39 34 38 21 31 42 20 40 45 32 34 37 33 37 32 30 31 40 43 27 27 38 32 27 32 28 26 43 35 43 25 33 41 38 44 46 37 31 28 34 46 39 32 24 43 38 33 36 39 34
45 38 21 27 39 50 30 25 34 28 40 28 28 30 34 34 30 42 38 32 34 33 26 38 49 34 14 30 31 21 34 38 36 44 32 30 36 23 37 28 36 26 35 39 27 48 35 36 43 41 36 30 30 192 32 41 29 26 26 27 32 29 32 40 37 28 38 33 36 30 9 36 42 49 51 36 35 33 34 32 41 25 31 30 34 28 33 42 29 40 33 38 31 27 38 38 26 34 37 29
29 38 50 30 28 37 33 39 34 29 32 30 25 35 42 30 123 42 36 34 19 37 23 40 34 30 24 45 32 40 38 25 38 27 32 33 27 30 27 32 28 53 30 40 34 35 27 37 37 36 33 26 39 21 39 35 37 35 28 32 42 21 33 34 16 27 35 33 30 32 31 38 29 32 32 38 27 29 23 41 19 32 31 46 43 48 38 26 30 32 33 36 25 29 25 41 45 43 26 29
27 37 40 30 34 35 44 42 27 36 38 39 30 39 30 41 19 37 22 56 32 44 43 40 25 26 27 33 31 34 39 35 41 30 40 38 30 42 19 34 40 33 35 40 15 33 28 34 37 45 35 32 33 28 24 37 35 39 39 42 30 35 27 30 35 41 40 19 36 36 33 28 35 39 25 38 33 26 36 33 36 37 31 22 37 29 15 36 32 38 33 33 46 35 13 30 48 37 29 40
39 43 29 31 38 37 29 35 29 23 34 35 23 34 33 26 37 40 38 21 37 19 44 45 37 41 29 22 39 24 28 35 36 37 29 31 41 39 33 36 21 24 30 35 28 47 38 20 27 35 33 27 46 34 37 26 28 35 39 23 36 39 40 39 35 36 37 34 19 35 33 36 45 36 40 45 41 28 27 37 28 31 39 23 37 26 28 35 34 53 36 36 37 32 41 38 5 47 33 34
37 38 36 32 37 42 22 40 22 35 38 39 24 33 28 25 29 39 37 31 30 35 33 37 35 34 42 28 27 30 50 43 36 34 32 45 35 42 30 28 29 52 33 36 32 23 29 36 33 30 24 29 13 34 31 33 32 32 40 46 29 46 33 29 23 40 37 39 22 37 23 39 30 28 47 43 46 44 39 30 33 29 30 31 40 42 31 35 36 30 34 12 27 27 40 42 33 34 27 34
35 37 42 38 30 37 45 35 32 34 31 39 40 35 20 51 38 30 27 32 37 32 18 45 33 19 29 26 42 41 28 27 27 37 47 31 40 29 24 29 37 30 31 34 30 42 43 36 27 34 33 27 38 39 33 34 33 26 38 37 42 29 19 52 29 34 33 38 20 28 31 38 39 27 31 24 37 30 31 23 27 32 41 31 26 33 32 40 36 40 26 40 36 40 43 31 28 28 41 38
30 34 31 25 46 29 34 26 23 29 29 35 29 32 36 42 42 42 26 37 38 39 37 41 35 31 30 33 20 35 36 30 37 34 32 25 37 31 28 31 36 29 34 32 31 35 30 33 30 32 51 23 33 44 25 31 27 34 47 31 20 34 32 30 39 32 46 34 30 35 47 38 39 22 41 37 35 46 29 34 42 30 30 26 33 30 29 46 39 38 31 37 47 43 45 34 50 35 53 36
41 36 41 31 35 37 38 37 34 31 39 29 31 30 38 35 34 26 29 36 31 29 26 46 25 27 32 41 32 30 35 37 32 38 38 32 19 29 41 44 36 29 36 38 27 36 18 37 35 37 23 43 42 39 48 32 30 29 28 29 34 30 40 32 26 32 33 41 25 27 24 32 39 46 40 39 27 37 36 33 47 38 38 31 37 29 28 34 34 43 32 38 48 32 35 31 41 35 46 22
38 42 30 34 31 34 37 26 38 31 31 41 42 29 31 34 46 43 28 42 41 34 19 52 32 31 21 33 27 32 27 37 24 33 32 40 48 26 32 45 39 37 39 36 35 35 33 36 30 39 29 32 52 43 42 18 33 30 30 41 35 42 30 42 45 48 40 38 40 34 37 30 33 33 36 29 31 35 50 28 26 40 29 32 29 42 60 40 38 32 40 37 38 26 38 30 37 50 30 33
49 36 31 36 48 32 35 34 27 34 21 27 33 38 56 28 32 40 29 43 31 33 40 34 38 36 38 28 41 45 30 34 34 34 42 51 33 35 35 34 26 46 27 44 24 29 38 32 30 36 43 39 38 44 34 39 32 38 28 34 23 32 36 50 44 29 43 34 28 39 38 39 34 26 35 33 45 30 36 35 31 47 48 27 29 34 31 44 41 33 34 37 31 36 32 41 30 34 27 34
33 32 41 26 37 30 29 31 43 40 32 32 28 30 46 34 19 30 70 20 23 38 21 41 27 36 39 35 2 45 35 28 39 35 40 25 33 45 48 39 27 34 28 30 33 39 15 40 41 31 34 33 47 31 37 41 25 37 40 29 40 29 27 33 41 41 33 36 36 33 32 30 29 24 48 32 34 28 28 40 34 37 30 27 43 38 30 27 39 27 36 43 29 35 20 45 30 20 36 32
31 38 42 31 41 29 44 30 26 42 43 37 31 44 27 32 24 40 34 32 36 21 39 31 37 29 43 34 36 35 29 29 38 22 38 31 36 28 34 37 41 32 25 33 46 34 35 39 36 29 41 25 26 27 31 37 30 38 28 46 38 32 33 33 36 33 29 48 28 37 25 34 25 30 21 37 38 30 33 43 36 30 28 32 41 29 51 36 31 45 39 30 29 31 40 40 38 21 33 43
37 36 31 39 36 37 31 25 30 30 24 32 36 36 30 35 39 32 34 39 36 29 22 35 35 31 36 33 31 22 34 28 44 34 29 41 19 32 41 32 42 38 34 27 32 33 34 33 34 31 27 41 29 23 37 33 23 35 40 35 50 27 40 38 39 32 33 43 30 39 25 34 33 27 36 31 25 19 38 33 33 27 36 32 28 14 35 35 31 36 30 31 32 32 34 23 36 34 31 35
27 26 38 30 56 27 30 36 46 20 28 37 34 36 26 24 35 28 32 37 34 64 28 43 25
