0.47 2685 38 21 37 19 35 35 40 42 35 32 18 23 29 20 34 40 34 50 32 41 28 29 38 29 34 33 34 26 32 29 33 44 37 30 40 31 44 35 31 37 39 38 30 32 32 36 23 31 31 8 34 36 25 35 33 24 41 27 32 32 32 44 34 18 37 22 16 27 30 41 21 38 31 22 36 25 39 38 23 39 28 37 38 35 36 27 39 37 41 27 40 28 22 44 38 34 37 42
31 45 31 31 33 43 42 28 68 34 64 88 157 32 24 37 28 34 31 30 34 24 32 38 25 40 29 36 24 30 31 32 26 31 31 33 39 34 31 27 33 37 32 30 26 31 23 27 30 34 36 25 35 39 19 26 28 35 26 28 32 35 38 34 21 33 32 31 47 28 19 33 37 48 31 36 29 29 27 27 31 34 23 25 33 40 32 35 26 27 37 29 29 33 30 19 30 23 32 33
31 35 33 35 37 30 37 25 30 40 45 56 38 25 34 36 25 28 27 37 38 24 35 30 34 29 15 40 44 32 27 35 26 37 42 24 46 33 39 41 47 37 34 30 29 43 27 22 29 39 30 26 28 34 48 22 31 28 24 27 40 28 31 32 37 42 30 32 20 37 29 31 37 34 38 15 29 37 33 39 32 22 28 34 29 35 32 37 22 37 38 32 28 31 37 35 30 35 32 38
39 28 36 33 40 32 27 41 34 24 30 51 38 30 41 39 25 30 35 42 30 31 39 28 38 34 33 36 37 38 37 32 39 33 34 27 45 28 28 43 35 40 37 43 25 29 28 29 34 33 21 48 41 34 28 27 45 27 20 22 26 25 24 28 37 30 35 33 30 22 26 22 27 36 34 36 42 35 22 40 28 36 31 36 27 40 28 23 40 32 24 34 38 37 27 36 42 34 25 33
36 37 29 38 32 26 33 36 26 37 30 32 20 32 37 31 35 27 35 38 37 32 38 44 21 36 22 31 37 31 30 30 18 27 35 35 25 35 24 31 28 25 44 22 34 30 30 42 32 31 39 41 29 37 39 33 25 34 34 50 38 37 35 27 37 30 33 31 28 26 35 50 32 35 33 33 30 35 36 32 40 34 31 27 33 34 27 41 24 44 32 37 29 24 40 37 20 47 26 28
37 37 39 30 29 32 23 28 23 30 19 11 33 31 29 30 43 30 33 28 35 38 29 39 35 45 20 32 40 37 26 40 35 31 29 35 20 45 29 30 25 30 30 32 39 26 30 39 19 39 46 39 26 26 45 32 33 28 38 33 31 37 32 38 32 32 37 39 26 23 40 33 35 24 46 38 33 31 40 31 30 25 36 22 30 43 31 36 30 41 38 29 32 30 24 34 29 35 34 24
32 40 21 34 26 39 38 37 26 31 33 38 32 26 37 40 27 27 38 38 29 31 35 30 21 31 25 35 32 36 28 33 38 30 26 29 30 37 31 41 35 34 37 43 28 41 29 26 36 39 32 37 24 28 37 37 28 31 31 35 27 30 29 39 34 32 34 31 47 32 25 33 31 27 36 45 35 39 37 25 36 28 28 33 25 40 37 32 27 35 40 27 37 31 35 37 22 39 27 34
43 34 26 46 28 33 27 31 38 31 50 29 36 31 35 35 34 32 32 26 32 37 32 40 34 27 37 32 32 25 32 28 35 42 27 32 32 21 41 34 30 32 24 30 22 33 44 27 43 36 32 27 36 30 40 21 28 35 31 34 26 30 35 36 33 25 37 38 36 25 36 31 34 33 33 40 33 18 38 42 33 21 40 35 37 40 28 37 25 33 35 28 25 21 28 30 34 42 43 35
23 26 31 30 22 37 38 30 34 20 37 46 27 26 40 41 28 37 24 37 23 35 35 33 26 36 26 53 34 37 37 20 31 29 30 37 24 39 27 39 28 27 32 31 26 35 60 27 56 49 43 51 33 41 29 29 25 41 44 45 34 28 40 23 32 39 19 40 37 27 32 32 37 31 35 32 33 41 33 31 26 30 44 31 31 27 40 28 32 33 27 35 29 27 44 25 30 30 28 23
33 52 42 42 3 23 48 23 41 31 30 27 36 11 40 27 32 35 31 25 33 35 32 32 22 40 25 22 37 34 33 31 30 24 28 38 37 36 36 27 28 26 23 40 23 25 33 29 24 39 37 43 27 26 37 45 36 46 71 26 37 44 44 61 43 33 27 25 41 28 28 20 33 31 23 35 35 30 26 33 38 30 40 31 31 36 26 35 39 23 36 28 25 29 37 30 38 34 27 30
45 33 39 25 41 29 40 41 34 25 42 20 30 47 34 40 42 45 35 35 48 25 43 35 51 12 38 23 31 35 30 32 32 3 26 42 27 36 37 34 34 39 34 32 34 22 24 24 33 32 40 30 22 41 36 26 44 34 30 29 30 40 39 28 31 32 33 32 38 41 25 24 24 25 36 35 42 40 40 30 23 27 40 40 35 41 16 45 30 24 33 46 21 31 25 28 44 36 30 24
18 38 36 23 29 30 26 28 33 38 27 28 29 45 28 34 24 30 34 20 37 34 25 32 40 38 26 33 39 30 32 48 31 36 25 37 33 40 26 37 30 44 29 38 25 34 33 26 50 31 29 35 45 32 34 15 27 28 41 37 36 41 36 36 27 36 33 24 33 46 33 41 40 35 29 42 31 44 20 32 29 27 44 28 24 39 29 37 33 29 37 35 22 40 36 23 37 24 32 34
36 30 39 37 35 29 38 35 32 40 40 35 17 25 44 31 40 37 30 33 25 33 25 27 40 36 39 41 32 43 23 34 42 45 46 30 34 2 39 24 28 32 25 44 38 40 15 23 31 38 25 36 34 21 38 23 43 45 26 25 26 30 35 31 36 27 29 29 34 34 35 39 49 31 33 24 20 37 27 45 29 33 22 37 36 38 44 48 29 37 23 38 36 41 34 26 21 14 42 32
31 31 42 30 29 29 36 37 26 30 30 30 25 21 37 38 42 38 39 35 28 29 31 41 37 31 27 37 31 30 39 15 32 42 33 21 33 38 29 27 37 37 21 30 25 31 30 37 45 32 26 39 35 37 28 30 37 13 42 29 45 27 37 35 31 33 42 30 27 28 29 36 35 34 42 45 33 31 39 29 30 33 28 24 38 33 24 31 26 32 28 30 39 24 39 34 40 31 16 48
33 31 34 33 34 30 30 21 27 42 25 29 55 38 31 26 31 29 32 32 23 28 26 28 26 13 17 20 29 26 30 32 43 32 31 38 31 46 37 28 25 41 29 32 42 24 35 33 33 28 43 23 38 27 28 42 33 37 27 38 27 36 35 34 21 31 25 37 33 55 28 31 35 27 34 24 32 28 31 24 31 37 23 31 27 38 30 26 26 38 27 38 37 35 29 32 41 29 29 34
41 39 29 40 38 37 37 19 34 33 39 26 34 41 26 18 34 28 28 16 23 27 35 40 46 42 26 31 28 41 31 40 30 38 32 37 35 34 22 28 25 28 42 28 13 29 23 33 27 31 33 44 40 38 54 45 27 35 31 40 39 35 25 32 40 28 36 29 35 24 23 34 36 39 38 42 32 33 25 37 37 31 27 32 30 36 38 40 30 28 30 29 45 37 25 30 39 34 23 38
50 23 32 29 36 35 20 26 42 25 37 35 33 31 8 21 42 43 29 14 32 41 33 35 25 39 36 33 32 23 35 39 32 51 30 50 39 36 47 33 33 39 29 40 35 33 21 31 44 39 34 32 70 43 35 155 63 31 37 28 42 40 42 41 34 27 35 29 30 36 38 41 27 40 39 50 38 29 38 35 40 30 43 38 38 33 38 48 34 67 30 37 41 38 35 25 41 43 39 32
44 30 29 33 28 33 45 38 34 40 39 26 40 31 28 37 43 37 31 27 28 31 31 30 20 30 20 26 35 28 22 24 33 29 26 38 23 32 22 22 38 24 39 33 33 38 22 32 34 34 43 43 31 18 31 40 27 23 34 27 34 32 28 32 49 30 15 23 39 20 36 37 30 41 30 42 37 35 37 33 36 44 39 23 28 29 34 29 28 45 33 28 28 27 30 41 25 33 34 28
31 29 24 31 37 41 30 33 26 32 29 30 30 35 32 33 28 35 26 41 25 25 46 29 33 40 24 28 23 47 35 28 32 36 43 34 43 27 30 20 25 38 25 22 33 31 40 35 24 24 30 37 40 13 51 40 33 26 40 42 28 35 25 32 29 25 38 22 36 38 21 33 35 29 35 37 35 33 33 29 27 27 41 34 24 34 21 32 31 29 30 35 39 29 28 35 21 13 29 23
31 26 28 26 36 44 35 35 34 44 32 37 31 31 32 30 29 25 30 29 29 24 27 24 37 39 35 35 29 42 31 35 34 33 39 30 27 39 37 31 33 25 36 34 36 33 12 32 26 44 28 32 31 28 32 31 32 35 27 32 28 30 21 30 44 35 38 25 30 31 41 31 36 37 32 32 27 32 30 27 34 29 42 11 25 25 43 31 35 24 38 23 30 48 21 28 29 31 34 35
21 32 32 36 35 31 39 34 29 26 12 15 32 32 28 34 27 26 30 36 46 36 35 24 30 34 41 26 30 25 32 40 33 34 23 32 26 30 22 41 36 36 44 33 30 26 28 28 42 37 27 25 32 26 29 39 43 37 30 41 38 32 29 36 39 34 30 30 41 31 30 36 31 30 38 32 32 37 33 35 34 34 32 35 40 33 24 27 27 31 36 38 37 37 33 31 40 27 31 26
26 28 36 24 24 38 33 28 32 40 20 36 30 30 33 27 29 32 36 33 30 36 31 36 24 29 28 35 31 29 26 28 31 28 26 35 33 31 26 23 31 32 33 35 35 29 42 36 22 28 37 30 33 36 42 30 12 36 27 44 24 28 30 32 32 48 28 32 29 46 29 31 26 23 38 27 38 40 37 37 29 35 32 30 33 20 29 39 43 28 22 32 31 33 25 34 35 38 29 37
36 37 29 32 32 38 31 26 25 34 29 22 32 28 32 35 16 21 31 32 26 34 38 34 34 35 30 33 36 33 33 30 34 32 27 25 32 21 28 31 32 33 32 21 18 31 33 28 32 31 27 34 37 35 38 30 28 32 40 26 36 25 28 35 29 37 37 46 31 29 29 36 26 37 37 37 27 47 35 30 44 36 27 35 37 31 22 24 34 48 29 39 30 29 34 41 33 29 23 28
34 41 37 21 46 39 27 25 36 32 22 26 21 8 42 23 27 31 37 46 31 30 29 31 39 42 32 23 31 37 18 36 36 42 31 29 36 39 40 37 29 55 28 34 30 33 40 25 37 29 36 29 32 36 23 37 24 41 39 33 30 35 36 37 46 34 26 39 41 43 33 30 38 29 33 35 41 33 36 38 35 30 26 31 31 21 29 33 38 26 25 29 39 33 50 33 45 46 38 30
30 42 35 27 37 58 38 24 36 27 38 34 26 29 40 22 40 32 34 32 35 33 29 37 23 24 36 27 43 39 41 29 31 34 44 36 29 26 35 25 37 35 38 38 34 45 37 30 41 35 33 43 44 26 43 20 23 31 22 33 26 42 40 30 27 31 19 30 23 30 41 35 27 25 21 29 29 31 42 34 33 36 40 29 32 28 39 27 37 37 20 41 36 36 15 44 26 42 38 32
30 22 37 32 46 22 28 31 41 33 27 27 32 21 27 35 32 28 38 25 32 30 24 31 30 37 27 29 36 32 29 35 36 37 29 34 29 38 34 37 35 39 50 22 46 19 48 36 33 33 30 29 30 33 31 40 35 44 25 26 37 29 37 33 27 33 34 36 28 38 28 32 28 30 25 41 34 30 42 33 34 37 42 27 37 32 29 14 26 36 41 25 28 35 39 34 30 23 27 30
27 17 26 29 27 26 37 36 40 33 35 11 27 28 35 24 30 27 34 37 37 33 30 35 30 36 44 33 41 30 36 40 32 32 26 26 37 30 40 34 33 35 36 25 26 37 22 27 32 35 40 36 45 21 37 29 28 40 36 33 36 27 39 40 20 34 29 32 37 17 36 25 29 26 49 36 29 32 37 22 36 43 23 31 32 38 33 28 36 28 37 23 24 42 37 36 32 40 22 28
35 40 46 33 32 48 40 27 24 44 43 22 17 35 37 31 31 37 32 41 39 31 41 27 40 45 34 33 22 30 37 33 38 29 36 36 31 26 27 29 28 33 33 38 36 31 30 33 39 37 45 25 37 33 18 37 36 28 31 33 32 48 35 34 30 29 42 20 25 30 21 24 37 38 45 32 25 32 28 37 41 27 40 36 33 31 37 33 29 36 33 35 31 32 34 31 32 36 42 41
34 32 25 29 58 39 46 37 30 48 21 46 43 37 39 37 41 42 32 24 44 24 36 44 36 34 30 33 29 49 28 41 39 34 30 35 34 36 38 37 35 27 31 24 44 32 23 44 38 32 41 42 27 37 37 44 24 29 30 28 28 22 17 27 36 30 37 36 30 44 41 31 33 31 37 36 36 34 36 35 36 45 30 32 28 27 33 40 31 39 31 36 35 34 26 36 41 23 14 34
33 32 29 42 37 26 28 38 36 31 25 26 38 44 29 30 42 28 31 23 38 14 30 32 31 38 33 39 36 40 12 29 33 37 27 29 27 27 27 32 33 38 41 35 28 38 36 27 38 30 27 34 26 24 31 56 31 37 30 27 32 29 35 35 27 39 24 32 19 39 31 37 36 29 34 27 40 36 36 25 22 37 30 39 33 31 44 31 26 33 36 41 41 28 34 27 25 32 17 32
42 38 28 35 31 36 33 34 28 39 29 20 35 81 27 34 38 46 37 31 30 29 34 36 35 28 26 26 38 23 31 32 30 27 32 22 38 29 29 43 35 23 35 21 32 38 44 40 21 33 39 43 32 33 32 37 40 29 42 33 35 32 45 37 43 28 54 43 39 27 35 33 34 40 42 31 42 31 43 28 35 35 28 28 34 33 33 34 29 32 41 22 38 42 32 22 45 27 29 34
37 44 39 40 39 24 31 31 30 39 19 35 33 36 30 28 28 21 38 29 28 34 29 31 35 38 28 27 26 28 36 28 24 29 42 22 22 10 46 38 37 31 33 42 41 31 36 27 31 27 43 21 29 28 24 21 31 23 37 34 27 32 13 25 31 45 34 29 33 31 42 26 36 37 22 31 31 30 35 30 31 45 36 38 27 29 25 30 40 50 20 32 40 34 31 25 33 31 30 35
32 32 42 37 27 29 28 30 25 16 22 28 24 34 35 36 29 29 29 26 32 32 33 33 28 28 32 35 32 41 33 28 29 33 38 39 23 27 36 25 30 27 34 34 24 34 27 29 29 20 23 33 33 26 33 41 26 20 26 24 32 36 23 25 39 35 23 29 36 26 37 28 30 35 35 31 34 22 48 32 24 37 39 31 43 23 35 36 33 36 33 34 34 25 33 39 39 36 21 28
26 41 32 40 34 38 35 28 28 33 34 41 35 21 37 37 30 31 48 23 34 28 35 35 34 19 34 37 35 29 28 34 40 34 28 33 30 40 30 39 31 44 32 22 27 27 32 24 37 39 40 30 33 40 40 29 35 35 37 31 33 32 33 33 27 43 42 29 32 27 37 33 37 27 33 27 34 34 44 43 25 30 37 33 36 28 33 36 35 34 34 38 32 38 27 36 31 33 32 33
20 34 34 24 32 35 26 33 29 38 29 33 30 46 44 25
